1.88315996465 9.05892705551 849.576328268 4.0880664024 0.0 1.0 0.0 0.0 0.0 0.0 
2.13568343441 9.86839806977 1432.14518844 6.58280976044 0.0 1.0 0.0 0.0 0.0 0.0 
1.79521767204 9.45711920306 639.946449346 3.59745175158 0.0 1.0 0.0 0.0 0.0 0.0 
2.13948670651 10.9792023569 1110.64610319 4.97347971755 0.0 1.0 0.0 0.0 0.0 0.0 
1.84723548906 9.86976903452 664.708508238 3.31710671328 0.0 1.0 0.0 0.0 0.0 0.0 
2.22755294611 10.6282992815 1562.57378967 6.35714189878 0.0 1.0 0.0 0.0 0.0 0.0 
2.06406319333 10.3540441034 1077.7937006 6.28017024758 0.0 1.0 0.0 0.0 0.0 0.0 
1.98928985952 9.29806683844 1101.66754937 5.57588620736 0.0 1.0 0.0 0.0 0.0 0.0 
2.30478023372 11.0046777573 1813.42942801 7.75557203569 0.0 1.0 0.0 0.0 0.0 0.0 
2.10173109848 10.3775694414 1224.17294405 5.86975400163 0.0 1.0 0.0 0.0 0.0 0.0 
2.33089534262 10.9155780733 1921.15649011 8.44054450655 0.0 1.0 0.0 0.0 0.0 0.0 
2.13762249465 10.9444862607 1106.93597752 4.93835846495 0.0 1.0 0.0 0.0 0.0 0.0 
2.0674038468 9.48703708936 1335.20592368 7.62528640713 0.0 1.0 0.0 0.0 0.0 0.0 
2.23045644604 10.4992129187 1727.92031114 9.04295362924 0.0 1.0 0.0 0.0 0.0 0.0 
2.17301158915 11.0359421858 1194.8430458 6.54869126979 0.0 1.0 0.0 0.0 0.0 0.0 
2.13934958436 10.6136304073 1261.49807146 6.49675909202 0.0 1.0 0.0 0.0 0.0 0.0 
2.01747031298 10.4114690965 968.785993986 4.15443180569 0.0 1.0 0.0 0.0 0.0 0.0 
2.13729446644 10.6508183595 1249.99496374 7.58896238274 0.0 1.0 0.0 0.0 0.0 0.0 
2.13801547535 9.88984417201 1473.47438892 6.90020467907 0.0 1.0 0.0 0.0 0.0 0.0 
2.07620896891 9.31828449505 1369.09752729 5.87684944583 0.0 1.0 0.0 0.0 0.0 0.0 
2.25851831535 10.5790152575 1812.87136184 8.46194156971 0.0 1.0 0.0 0.0 0.0 0.0 
1.94222140978 9.36591059131 965.115299663 4.893939554 0.0 1.0 0.0 0.0 0.0 0.0 
2.22547376049 11.0156071199 1478.98346768 8.39313891303 0.0 1.0 0.0 0.0 0.0 0.0 
2.29700262384 11.0509511793 1709.20147322 9.48550981714 0.0 1.0 0.0 0.0 0.0 0.0 
2.20553682014 10.5989027044 1514.08254206 9.56986980491 0.0 1.0 0.0 0.0 0.0 0.0 
2.2488465712 10.2300458001 1821.1754655 9.40823446154 0.0 1.0 0.0 0.0 0.0 0.0 
2.20848386047 10.3466353457 1583.48990316 9.61991358314 0.0 1.0 0.0 0.0 0.0 0.0 
2.17117455666 10.9197528262 1314.32185124 6.48529389862 0.0 1.0 0.0 0.0 0.0 0.0 
2.14360667558 9.52716705374 1658.48392891 7.03344216452 0.0 1.0 0.0 0.0 0.0 0.0 
2.237070102 10.85096391 1515.01578884 5.9841833721 0.0 1.0 0.0 0.0 0.0 0.0 
2.10294497276 10.0213037921 1303.49377376 7.14490839022 0.0 1.0 0.0 0.0 0.0 0.0 
2.17928380002 10.5221645313 1372.34008565 5.72397169134 0.0 1.0 0.0 0.0 0.0 0.0 
2.14388246703 10.6414696496 1275.70918595 7.67194264528 0.0 1.0 0.0 0.0 0.0 0.0 
2.18086186389 10.6054971482 1446.98502422 7.66336911525 0.0 1.0 0.0 0.0 0.0 0.0 
2.14686969301 10.8170295589 1174.39855893 6.10304627482 0.0 1.0 0.0 0.0 0.0 0.0 
2.2362817151 10.7132369157 1583.43900846 8.95768004321 0.0 1.0 0.0 0.0 0.0 0.0 
1.90181096746 10.2990073502 699.347322531 4.51321183782 0.0 1.0 0.0 0.0 0.0 0.0 
2.15242625762 9.58664492478 1631.6386061 6.37659154779 0.0 1.0 0.0 0.0 0.0 0.0 
2.02440595572 10.2616691964 1056.42209763 4.7668556242 0.0 1.0 0.0 0.0 0.0 0.0 
2.22701864809 10.9279468253 1531.14088517 9.04622019844 0.0 1.0 0.0 0.0 0.0 0.0 
2.12974500824 10.8863833402 1121.0631516 4.98042121813 0.0 1.0 0.0 0.0 0.0 0.0 
2.18268229621 11.2552758946 1209.67173997 8.12524243746 0.0 1.0 0.0 0.0 0.0 0.0 
2.12867363215 9.58773450154 1563.53645915 8.00674913262 0.0 1.0 0.0 0.0 0.0 0.0 
2.21976491873 10.9529185843 1404.22536762 6.95403373903 0.0 1.0 0.0 0.0 0.0 0.0 
2.12394104515 10.0252867375 1366.97309029 5.38895281408 0.0 1.0 0.0 0.0 0.0 0.0 
1.95507039358 9.30113579722 1051.57471806 4.59342805264 0.0 1.0 0.0 0.0 0.0 0.0 
2.19819600477 11.0030840632 1392.96363595 7.33295893666 0.0 1.0 0.0 0.0 0.0 0.0 
2.1604688181 10.2783749581 1414.98925436 8.78657323397 0.0 1.0 0.0 0.0 0.0 0.0 
2.12991563619 10.2098757788 1282.34997896 5.90195655173 0.0 1.0 0.0 0.0 0.0 0.0 
2.11054149017 9.91247179792 1403.12075058 6.26961372026 0.0 1.0 0.0 0.0 0.0 0.0 
2.04966499729 10.2721569392 1064.99861866 4.52049985667 0.0 1.0 0.0 0.0 0.0 0.0 
2.32635107872 11.2746096932 1730.7822629 9.8219975906 0.0 1.0 0.0 0.0 0.0 0.0 
2.27956360121 10.663098585 1895.17775952 9.90454630805 0.0 1.0 0.0 0.0 0.0 0.0 
2.07478250855 9.68042634411 1324.46659432 7.20104429379 0.0 1.0 0.0 0.0 0.0 0.0 
1.86538376067 9.45933908329 780.577928195 4.59044268898 0.0 1.0 0.0 0.0 0.0 0.0 
2.16656204346 11.1225091644 1193.9335847 5.99696069477 0.0 1.0 0.0 0.0 0.0 0.0 
2.04774219093 10.5023199069 981.585467263 5.5703612453 0.0 1.0 0.0 0.0 0.0 0.0 
1.97389495393 9.22844355086 1118.4854585 5.00596392314 0.0 1.0 0.0 0.0 0.0 0.0 
2.00351465703 10.9520597161 821.414121563 5.08600627679 0.0 1.0 0.0 0.0 0.0 0.0 
2.04543057176 10.2774702519 1054.53182246 7.46397419038 0.0 1.0 0.0 0.0 0.0 0.0 
2.00448417711 9.54211717819 1082.48262023 5.20653802106 0.0 1.0 0.0 0.0 0.0 0.0 
2.10195738256 10.787405957 1126.48255818 6.68688164698 0.0 1.0 0.0 0.0 0.0 0.0 
2.11358046958 10.2530378211 1320.64445284 7.1208527451 0.0 1.0 0.0 0.0 0.0 0.0 
2.12458928472 10.8618634683 1170.60228366 5.70664262469 0.0 1.0 0.0 0.0 0.0 0.0 
2.34667810169 11.3172163907 1732.72086994 9.18903204062 0.0 1.0 0.0 0.0 0.0 0.0 
2.14049389908 9.55137936034 1554.32719631 6.95429413921 0.0 1.0 0.0 0.0 0.0 0.0 
2.22421727487 9.87155997631 1788.7437606 7.85740957246 0.0 1.0 0.0 0.0 0.0 0.0 
2.10071137963 9.98002348076 1375.38615559 7.41374342773 0.0 1.0 0.0 0.0 0.0 0.0 
2.11088069761 10.0238226239 1338.31714493 6.45581964646 0.0 1.0 0.0 0.0 0.0 0.0 
1.84181766044 10.0535725132 667.023541634 3.39356649936 0.0 1.0 0.0 0.0 0.0 0.0 
2.05586602201 10.4026924823 1089.9253237 4.78616163894 0.0 1.0 0.0 0.0 0.0 0.0 
2.14924218685 9.95503720155 1542.09419313 8.83331082005 0.0 1.0 0.0 0.0 0.0 0.0 
2.00896943768 10.2133259216 985.409655399 4.65011229458 0.0 1.0 0.0 0.0 0.0 0.0 
2.04740368923 10.103298285 1097.59990827 5.4421273947 0.0 1.0 0.0 0.0 0.0 0.0 
2.07855586913 10.6490050138 1064.56368746 6.01399359167 0.0 1.0 0.0 0.0 0.0 0.0 
1.95933771894 10.1764438643 842.646643746 5.67712532332 0.0 1.0 0.0 0.0 0.0 0.0 
2.19791042075 10.3916685569 1545.92140518 8.89486427555 0.0 1.0 0.0 0.0 0.0 0.0 
2.24250570966 10.9144282193 1520.16848587 8.29146163881 0.0 1.0 0.0 0.0 0.0 0.0 
2.18167357084 10.4517998195 1521.40696669 6.63168640582 0.0 1.0 0.0 0.0 0.0 0.0 
2.18307097529 10.1176291324 1642.72356937 7.8852853634 0.0 1.0 0.0 0.0 0.0 0.0 
2.26354355085 11.0035171283 1593.02471904 7.59854039088 0.0 1.0 0.0 0.0 0.0 0.0 
2.12759668841 10.3781047511 1347.20665547 6.03003168104 0.0 1.0 0.0 0.0 0.0 0.0 
2.15400512067 10.6351621429 1252.99569315 7.77805357405 0.0 1.0 0.0 0.0 0.0 0.0 
2.2739053486 10.4736268133 1918.95560436 7.2217384971 0.0 1.0 0.0 0.0 0.0 0.0 
2.25487301661 10.7980723329 1711.0050596 6.94090775318 0.0 1.0 0.0 0.0 0.0 0.0 
2.10094121164 10.9130430887 1064.63296577 5.77286802144 0.0 1.0 0.0 0.0 0.0 0.0 
2.06765134624 9.80569714371 1215.34334138 7.14612847914 0.0 1.0 0.0 0.0 0.0 0.0 
2.23967438288 11.460560339 1298.11390032 6.72355522145 0.0 1.0 0.0 0.0 0.0 0.0 
2.35737933009 11.538762257 1717.85126298 8.38785545306 0.0 1.0 0.0 0.0 0.0 0.0 
2.20661692917 10.5902624055 1439.02979525 7.46356351948 0.0 1.0 0.0 0.0 0.0 0.0 
2.25925297913 10.7931237335 1599.27164205 7.19007058349 0.0 1.0 0.0 0.0 0.0 0.0 
2.28542601317 10.4835766971 1972.8989288 7.34440961704 0.0 1.0 0.0 0.0 0.0 0.0 
1.86118919851 9.5148453021 771.324357555 5.14068517091 0.0 1.0 0.0 0.0 0.0 0.0 
1.96209866533 10.0150969596 912.295615722 5.92570590591 0.0 1.0 0.0 0.0 0.0 0.0 
2.13464867411 10.1449512252 1320.068529 6.22153197995 0.0 1.0 0.0 0.0 0.0 0.0 
2.10015294985 9.9417718286 1276.09790152 7.19256474537 0.0 1.0 0.0 0.0 0.0 0.0 
1.86362108203 9.62118620522 752.10958822 5.45500392701 0.0 1.0 0.0 0.0 0.0 0.0 
1.86596573223 9.05282993327 856.755204919 3.65854129752 0.0 1.0 0.0 0.0 0.0 0.0 
2.2157770632 10.1014235975 1699.45286546 7.61858880048 0.0 1.0 0.0 0.0 0.0 0.0 
2.16019124064 10.047147419 1516.59812434 8.76158036365 0.0 1.0 0.0 0.0 0.0 0.0 
2.14463175308 10.6286552634 1213.29889701 5.83094556339 0.0 1.0 0.0 0.0 0.0 0.0 
2.22779540337 10.6691590151 1615.86068961 8.42738485123 0.0 1.0 0.0 0.0 0.0 0.0 
2.1964327489 10.1131297704 1565.53217594 6.94540420463 0.0 1.0 0.0 0.0 0.0 0.0 
2.25300859632 10.0271026349 1860.2239455 8.45464701652 0.0 1.0 0.0 0.0 0.0 0.0 
2.20730283264 9.93471962142 1759.4731656 7.83078968014 0.0 1.0 0.0 0.0 0.0 0.0 
2.21158881291 10.2742563617 1583.18069234 7.99883056001 0.0 1.0 0.0 0.0 0.0 0.0 
2.23093895181 10.1840335392 1859.16396764 7.49823776013 0.0 1.0 0.0 0.0 0.0 0.0 
2.13311405397 10.7154473023 1171.70932059 7.69667478782 0.0 1.0 0.0 0.0 0.0 0.0 
2.04946878338 9.49092738936 1299.41591114 7.18092550817 0.0 1.0 0.0 0.0 0.0 0.0 
2.11315512461 9.64177373617 1461.3997095 6.09368670817 0.0 1.0 0.0 0.0 0.0 0.0 
2.05635801061 9.82687655304 1248.87602501 6.69113599392 0.0 1.0 0.0 0.0 0.0 0.0 
2.08958191285 10.8902402515 1019.05637804 5.19194207348 0.0 1.0 0.0 0.0 0.0 0.0 
1.97643288787 9.75238938332 1007.17949536 4.06214326 0.0 1.0 0.0 0.0 0.0 0.0 
2.37350843248 11.5888132856 1803.83815638 9.29847518753 0.0 1.0 0.0 0.0 0.0 0.0 
2.23237153043 11.2584875284 1379.13400857 6.20484291889 0.0 1.0 0.0 0.0 0.0 0.0 
2.28090626389 10.9292883067 1760.38287883 9.18758630365 0.0 1.0 0.0 0.0 0.0 0.0 
2.12403263594 10.2747242062 1366.40843253 7.19635509716 0.0 1.0 0.0 0.0 0.0 0.0 
2.16724652099 11.0647583434 1231.8058224 6.07985933689 0.0 1.0 0.0 0.0 0.0 0.0 
2.14042076256 10.0480104919 1431.45209533 8.86163363831 0.0 1.0 0.0 0.0 0.0 0.0 
1.99767849454 9.46655795074 1109.10490343 6.69781346403 0.0 1.0 0.0 0.0 0.0 0.0 
2.2248947315 9.97892472533 1846.41547643 6.85665363548 0.0 1.0 0.0 0.0 0.0 0.0 
2.16529047649 10.4734110174 1408.27426646 8.49802928094 0.0 1.0 0.0 0.0 0.0 0.0 
2.12762023295 9.93258993174 1400.86684963 6.3883866233 0.0 1.0 0.0 0.0 0.0 0.0 
2.21093026649 10.585439296 1551.21154894 8.05882300208 0.0 1.0 0.0 0.0 0.0 0.0 
2.31110992106 11.1515373635 1807.20622744 9.03987616101 0.0 1.0 0.0 0.0 0.0 0.0 
2.396316324 11.7244129722 1794.94773526 9.53197759074 0.0 1.0 0.0 0.0 0.0 0.0 
2.20983197462 11.2753723257 1313.53721469 7.54374647753 0.0 1.0 0.0 0.0 0.0 0.0 
2.06453133192 10.0815083418 1194.34482537 6.88418617915 0.0 1.0 0.0 0.0 0.0 0.0 
2.26769963525 11.3013604914 1454.27680692 6.64284068336 0.0 1.0 0.0 0.0 0.0 0.0 
2.27823445546 10.6487937346 1755.05924626 8.67036790574 0.0 1.0 0.0 0.0 0.0 0.0 
2.18349588715 10.1633176193 1565.64936748 6.74566403578 0.0 1.0 0.0 0.0 0.0 0.0 
2.16136249361 10.5045634837 1349.68323231 6.07770102667 0.0 1.0 0.0 0.0 0.0 0.0 
2.19017082308 10.1927132869 1548.58125014 7.05064148532 0.0 1.0 0.0 0.0 0.0 0.0 
2.17549060799 9.57189538954 1742.30250397 7.3804690044 0.0 1.0 0.0 0.0 0.0 0.0 
2.21076967787 11.1769607669 1356.85958287 7.65404548613 0.0 1.0 0.0 0.0 0.0 0.0 
2.24942587065 11.0965972589 1449.00171114 9.53027693567 0.0 1.0 0.0 0.0 0.0 0.0 
1.65511625282 8.87122735494 505.496696211 2.69270876002 0.0 1.0 0.0 0.0 0.0 0.0 
2.16284375687 10.607195926 1321.61006952 7.13050525643 0.0 1.0 0.0 0.0 0.0 0.0 
2.17023000908 9.79585816315 1589.11369357 7.5076349071 0.0 1.0 0.0 0.0 0.0 0.0 
2.1841522293 10.1738554769 1541.00111883 9.49420407669 0.0 1.0 0.0 0.0 0.0 0.0 
2.08243239751 9.80254497942 1292.38902031 8.099770454 0.0 1.0 0.0 0.0 0.0 0.0 
2.24594564517 10.455720808 1710.58647399 6.90621706325 0.0 1.0 0.0 0.0 0.0 0.0 
1.997331912 9.14513760351 1190.36029233 5.42821070533 0.0 1.0 0.0 0.0 0.0 0.0 
2.02573838401 10.6524365686 940.382818472 6.15869014543 0.0 1.0 0.0 0.0 0.0 0.0 
2.27622276974 10.1197568803 1959.54783955 7.87589527309 0.0 1.0 0.0 0.0 0.0 0.0 
2.37551593372 11.4047629131 1940.32055671 8.48093674614 0.0 1.0 0.0 0.0 0.0 0.0 
2.04248818322 10.5116921368 950.824406607 5.43843634926 0.0 1.0 0.0 0.0 0.0 0.0 
1.807562167 10.3719214629 567.412622445 3.75313912957 0.0 1.0 0.0 0.0 0.0 0.0 
2.06827927572 10.2864527101 1099.3739707 4.69807404849 0.0 1.0 0.0 0.0 0.0 0.0 
2.32273847538 11.1553284019 1789.50258966 7.75126434127 0.0 1.0 0.0 0.0 0.0 0.0 
2.0584045532 9.6635225294 1200.88913126 6.26885568383 0.0 1.0 0.0 0.0 0.0 0.0 
2.141421571 10.5033892963 1260.78210879 7.42267880548 0.0 1.0 0.0 0.0 0.0 0.0 
2.03581638238 10.346145665 1010.1024651 6.25586455678 0.0 1.0 0.0 0.0 0.0 0.0 
2.26715607482 10.5533959276 1761.43943063 7.63615308394 0.0 1.0 0.0 0.0 0.0 0.0 
1.98912882473 10.0272148172 970.777414003 6.20643176247 0.0 1.0 0.0 0.0 0.0 0.0 
1.88030580412 9.75144525902 788.18013253 5.43520738224 0.0 1.0 0.0 0.0 0.0 0.0 
1.98846275532 9.93009651645 949.867035501 5.64444667509 0.0 1.0 0.0 0.0 0.0 0.0 
2.06948650971 9.9345817865 1188.46701604 6.18611010314 0.0 1.0 0.0 0.0 0.0 0.0 
2.13584000009 11.0282372683 1135.97240061 6.24405779423 0.0 1.0 0.0 0.0 0.0 0.0 
2.15959272843 10.2007235351 1503.98857367 7.18475202158 0.0 1.0 0.0 0.0 0.0 0.0 
2.26019779084 11.2891242301 1449.60127243 6.72155332722 0.0 1.0 0.0 0.0 0.0 0.0 
1.86968385592 9.47022872412 793.220280062 3.39653232985 0.0 1.0 0.0 0.0 0.0 0.0 
2.15479912878 10.3243565912 1350.28557878 7.03101667549 0.0 1.0 0.0 0.0 0.0 0.0 
1.95579310804 9.27364887585 1042.28250306 4.40420845393 0.0 1.0 0.0 0.0 0.0 0.0 
1.95892098918 10.5094975512 821.263694836 4.42107193831 0.0 1.0 0.0 0.0 0.0 0.0 
2.08385333026 10.5783924973 1089.49303471 6.87540298547 0.0 1.0 0.0 0.0 0.0 0.0 
2.18949332688 10.0362280137 1594.10933369 9.44297524569 0.0 1.0 0.0 0.0 0.0 0.0 
2.09767538506 9.83679022134 1341.56451821 7.92175917913 0.0 1.0 0.0 0.0 0.0 0.0 
2.32375988738 10.8214905276 1964.01941101 7.59009083411 0.0 1.0 0.0 0.0 0.0 0.0 
2.08620533313 9.40382133156 1426.54846396 6.57511099846 0.0 1.0 0.0 0.0 0.0 0.0 
2.19689845948 10.5663473068 1559.91602672 9.51101822797 0.0 1.0 0.0 0.0 0.0 0.0 
2.06918945214 10.2190146434 1155.71725879 6.49533943796 0.0 1.0 0.0 0.0 0.0 0.0 
2.13142898747 9.58630657788 1541.66725968 8.08516558065 0.0 1.0 0.0 0.0 0.0 0.0 
1.99723957632 9.21818028355 1188.24454084 6.01712869204 0.0 1.0 0.0 0.0 0.0 0.0 
2.23536027435 10.3584850728 1736.87990754 7.64960655369 0.0 1.0 0.0 0.0 0.0 0.0 
2.15188295528 9.57411791883 1600.73851945 6.3570778224 0.0 1.0 0.0 0.0 0.0 0.0 
2.18839188994 10.2635129074 1496.05203729 9.0288635438 0.0 1.0 0.0 0.0 0.0 0.0 
2.05301783896 10.0803064835 1128.36831215 7.18593405549 0.0 1.0 0.0 0.0 0.0 0.0 
2.30578761375 10.9116919421 1842.29661234 9.54583923272 0.0 1.0 0.0 0.0 0.0 0.0 
2.05794749996 10.5308233525 1083.85794751 6.42421239404 0.0 1.0 0.0 0.0 0.0 0.0 
2.20737746122 10.5505994273 1522.67675257 7.5864483141 0.0 1.0 0.0 0.0 0.0 0.0 
2.15762436573 11.2282063687 1096.85843926 4.95166280622 0.0 1.0 0.0 0.0 0.0 0.0 
2.22549188066 10.5760756254 1538.99101744 8.51782392486 0.0 1.0 0.0 0.0 0.0 0.0 
2.06022945755 10.274072411 1091.5674824 7.13067973984 0.0 1.0 0.0 0.0 0.0 0.0 
2.20115885843 10.192227527 1670.72943669 6.49714199021 0.0 1.0 0.0 0.0 0.0 0.0 
2.2581081008 10.8505440238 1626.86679676 7.43875977767 0.0 1.0 0.0 0.0 0.0 0.0 
2.18872288878 10.6762055988 1440.69511662 7.90009906121 0.0 1.0 0.0 0.0 0.0 0.0 
2.28157832087 10.334177304 1933.54568882 8.95067855839 0.0 1.0 0.0 0.0 0.0 0.0 
2.13337798852 10.1855155907 1344.69558933 8.90328329059 0.0 1.0 0.0 0.0 0.0 0.0 
2.31055395158 10.981619091 1872.06363912 8.12080494102 0.0 1.0 0.0 0.0 0.0 0.0 
2.21943186494 11.136469013 1303.02687504 6.98330369684 0.0 1.0 0.0 0.0 0.0 0.0 
2.11343658684 9.9869339033 1386.77972471 8.24365672381 0.0 1.0 0.0 0.0 0.0 0.0 
2.22948627182 10.1978287588 1859.49896149 8.12730479154 0.0 1.0 0.0 0.0 0.0 0.0 
2.04300379955 10.0353325633 1077.71657544 6.23649065062 0.0 1.0 0.0 0.0 0.0 0.0 
2.16431456319 10.3717655977 1413.29962399 6.5610820408 0.0 1.0 0.0 0.0 0.0 0.0 
2.15604191071 9.8772417357 1499.84371268 5.72494886539 0.0 1.0 0.0 0.0 0.0 0.0 
1.98983443201 10.4505789863 849.120273919 4.41339303793 0.0 1.0 0.0 0.0 0.0 0.0 
2.11060202903 10.2728648275 1279.88477089 5.52283906786 0.0 1.0 0.0 0.0 0.0 0.0 
2.09643281605 9.71641197828 1311.98982374 5.45571302677 0.0 1.0 0.0 0.0 0.0 0.0 
2.16666004113 10.1876770189 1516.75795224 6.41299948359 0.0 1.0 0.0 0.0 0.0 0.0 
2.29744142722 10.4810522413 1996.46067097 7.16804020332 0.0 1.0 0.0 0.0 0.0 0.0 
2.17601114343 9.7879242044 1660.5243689 7.40566280787 0.0 1.0 0.0 0.0 0.0 0.0 
1.97641612815 10.2567266018 905.495401655 5.85590746683 0.0 1.0 0.0 0.0 0.0 0.0 
2.21794747583 10.5673780453 1567.50919099 6.02812562495 0.0 1.0 0.0 0.0 0.0 0.0 
2.29662741373 11.2236223024 1657.63059359 7.69566019745 0.0 1.0 0.0 0.0 0.0 0.0 
2.09710833694 10.0664797368 1304.67173625 5.22358029025 0.0 1.0 0.0 0.0 0.0 0.0 
2.27151857475 11.0689455714 1681.07523689 9.34611175867 0.0 1.0 0.0 0.0 0.0 0.0 
2.09750784914 10.229334469 1282.30027021 7.22723407554 0.0 1.0 0.0 0.0 0.0 0.0 
1.99933756954 10.4016960178 952.371072043 4.31040012215 0.0 1.0 0.0 0.0 0.0 0.0 
2.12926525103 10.8306335958 1170.79835991 5.68460380547 0.0 1.0 0.0 0.0 0.0 0.0 
2.25596604999 10.6260229692 1672.61817961 8.44927686278 0.0 1.0 0.0 0.0 0.0 0.0 
2.34936790476 11.5412480283 1672.71399293 7.84678035698 0.0 1.0 0.0 0.0 0.0 0.0 
2.11801827946 10.2453211603 1329.51344893 6.91117202728 0.0 1.0 0.0 0.0 0.0 0.0 
2.15981797151 10.8887056665 1214.99109594 7.56695858189 0.0 1.0 0.0 0.0 0.0 0.0 
2.17287461913 10.5117296978 1378.05554463 7.15925274246 0.0 1.0 0.0 0.0 0.0 0.0 
2.27347621707 10.4908730745 1907.10406725 7.2158753415 0.0 1.0 0.0 0.0 0.0 0.0 
2.14758214852 10.4704393437 1398.07318616 6.1950598283 0.0 1.0 0.0 0.0 0.0 0.0 
2.29948611404 11.0195829164 1751.9426411 7.71045830182 0.0 1.0 0.0 0.0 0.0 0.0 
2.25525345037 10.9461055578 1574.30319074 6.42801570398 0.0 1.0 0.0 0.0 0.0 0.0 
1.9479505775 10.2127265191 834.362658735 4.5119834563 0.0 1.0 0.0 0.0 0.0 0.0 
2.19651649816 11.279488734 1227.08502911 8.22002629843 0.0 1.0 0.0 0.0 0.0 0.0 
2.27991909269 10.6583682363 1910.25181093 8.37744860967 0.0 1.0 0.0 0.0 0.0 0.0 
2.17509057525 10.5322120882 1488.32236066 8.21688762266 0.0 1.0 0.0 0.0 0.0 0.0 
2.22365119899 10.1384770213 1726.30060938 7.84510210903 0.0 1.0 0.0 0.0 0.0 0.0 
2.18640848636 11.1027654892 1290.20353023 8.05974510269 0.0 1.0 0.0 0.0 0.0 0.0 
2.23063261916 10.3599697761 1641.95359343 6.8402329079 0.0 1.0 0.0 0.0 0.0 0.0 
2.23223434886 10.972346105 1474.0950785 9.0086817655 0.0 1.0 0.0 0.0 0.0 0.0 
2.13899830926 9.50386381644 1574.03848198 8.1336339699 0.0 1.0 0.0 0.0 0.0 0.0 
2.23125441044 9.81132378041 1884.64579823 7.94923851913 0.0 1.0 0.0 0.0 0.0 0.0 
2.25005277535 11.4469039557 1341.77671276 6.35202327896 0.0 1.0 0.0 0.0 0.0 0.0 
2.12917173642 10.4680048575 1227.99171304 5.17529911841 0.0 1.0 0.0 0.0 0.0 0.0 
2.37276656067 11.3428954366 1899.07650577 9.79826773082 0.0 1.0 0.0 0.0 0.0 0.0 
2.29270203177 11.1694782254 1686.98872978 9.27887302968 0.0 1.0 0.0 0.0 0.0 0.0 
2.07595106476 10.2453186109 1140.90666848 7.8401394557 0.0 1.0 0.0 0.0 0.0 0.0 
2.01193497773 10.0747544453 1050.06995255 6.25824576022 0.0 1.0 0.0 0.0 0.0 0.0 
2.34316624374 11.6758075181 1615.75282794 8.84543961558 0.0 1.0 0.0 0.0 0.0 0.0 
2.17742357763 10.8580673639 1271.37402656 6.555847329 0.0 1.0 0.0 0.0 0.0 0.0 
2.2811148985 11.3540346244 1448.52692737 7.40601340165 0.0 1.0 0.0 0.0 0.0 0.0 
1.93071044864 9.86798077329 890.382480212 5.00881750434 0.0 1.0 0.0 0.0 0.0 0.0 
2.17153031265 10.3014906011 1543.50463901 6.72373870593 0.0 1.0 0.0 0.0 0.0 0.0 
1.91426362575 9.57145373618 905.930646799 4.49776092499 0.0 1.0 0.0 0.0 0.0 0.0 
2.28098234581 11.051528504 1618.2345114 6.53739142898 0.0 1.0 0.0 0.0 0.0 0.0 
2.14031073325 10.2396981881 1421.4494615 7.80133466947 0.0 1.0 0.0 0.0 0.0 0.0 
2.00478746104 9.72288294607 1107.88945102 6.48503850627 0.0 1.0 0.0 0.0 0.0 0.0 
1.98560777359 9.26915415701 1099.86777999 5.9403842111 0.0 1.0 0.0 0.0 0.0 0.0 
1.8653403297 10.0032713838 696.237413636 4.98906717945 0.0 1.0 0.0 0.0 0.0 0.0 
2.27324197176 10.8911405009 1697.57610358 8.87118614938 0.0 1.0 0.0 0.0 0.0 0.0 
2.19304345746 10.5676395984 1554.47791522 8.48695615266 0.0 1.0 0.0 0.0 0.0 0.0 
2.20465493939 10.6432390534 1485.2288013 5.5899179014 0.0 1.0 0.0 0.0 0.0 0.0 
1.92996771521 10.3513880164 760.76900994 4.68608494097 0.0 1.0 0.0 0.0 0.0 0.0 
2.20789374697 9.97640165082 1786.2501656 9.06299510994 0.0 1.0 0.0 0.0 0.0 0.0 
2.09138257753 10.1684236417 1238.25929673 5.47562241727 0.0 1.0 0.0 0.0 0.0 0.0 
2.06266471941 10.0423058028 1212.92613845 6.68016766352 0.0 1.0 0.0 0.0 0.0 0.0 
2.33548619573 11.0505841508 1983.25949589 8.68234311034 0.0 1.0 0.0 0.0 0.0 0.0 
2.16093247674 10.4584409436 1327.06669066 6.59452565839 0.0 1.0 0.0 0.0 0.0 0.0 
2.22314346244 10.1430213053 1680.91956583 8.19959754648 0.0 1.0 0.0 0.0 0.0 0.0 
2.23451637856 10.8406318138 1581.1602783 8.84430181369 0.0 1.0 0.0 0.0 0.0 0.0 
2.12836633384 10.4217241686 1296.77860673 8.72826753817 0.0 1.0 0.0 0.0 0.0 0.0 
2.27460823384 11.3064233592 1462.17002067 7.71438640176 0.0 1.0 0.0 0.0 0.0 0.0 
1.99966289019 10.5614810557 883.293732857 4.68722621462 0.0 1.0 0.0 0.0 0.0 0.0 
2.2100423574 10.3135751341 1678.35075611 7.09467903224 0.0 1.0 0.0 0.0 0.0 0.0 
2.29693271834 10.609952422 1815.15524121 8.07070539753 0.0 1.0 0.0 0.0 0.0 0.0 
2.22549431966 10.4460657578 1637.98392021 9.81371847516 0.0 1.0 0.0 0.0 0.0 0.0 
2.17906062153 10.400964888 1419.90525025 8.52839482427 0.0 1.0 0.0 0.0 0.0 0.0 
2.11020917291 10.2618344105 1263.96460101 6.27617854197 0.0 1.0 0.0 0.0 0.0 0.0 
2.26037668814 11.1328887973 1492.12709678 8.53691417949 0.0 1.0 0.0 0.0 0.0 0.0 
2.11587391927 9.82834828553 1347.69424198 5.93493175208 0.0 1.0 0.0 0.0 0.0 0.0 
2.09267507662 10.0636702935 1324.43791096 6.47775056748 0.0 1.0 0.0 0.0 0.0 0.0 
2.13306428297 9.83087043185 1505.2763056 5.80653014138 0.0 1.0 0.0 0.0 0.0 0.0 
1.67737889554 8.68199011011 534.148739625 3.54119986171 0.0 1.0 0.0 0.0 0.0 0.0 
2.15419262751 9.98429567844 1479.70695183 6.53260782433 0.0 1.0 0.0 0.0 0.0 0.0 
2.15926975045 10.5853771281 1399.56444089 5.96181482105 0.0 1.0 0.0 0.0 0.0 0.0 
2.10681077924 9.88687652033 1323.13637502 7.54359900828 0.0 1.0 0.0 0.0 0.0 0.0 
2.22722264239 11.0373909258 1408.24161077 6.77845882547 0.0 1.0 0.0 0.0 0.0 0.0 
2.06729033631 9.59747251247 1306.14309303 6.60195412158 0.0 1.0 0.0 0.0 0.0 0.0 
1.98237592387 9.59144401767 1056.39027709 5.67804279095 0.0 1.0 0.0 0.0 0.0 0.0 
1.99139555362 10.4425891586 857.068082631 5.02158952886 0.0 1.0 0.0 0.0 0.0 0.0 
2.20916047769 10.1190805132 1748.49326955 7.58891812151 0.0 1.0 0.0 0.0 0.0 0.0 
2.36291700728 11.4161819902 1846.5615405 7.7783859238 0.0 1.0 0.0 0.0 0.0 0.0 
2.16399291592 10.9817890707 1244.60586475 5.82677555809 0.0 1.0 0.0 0.0 0.0 0.0 
2.33526291794 11.3196340818 1826.22363191 8.14148897579 0.0 1.0 0.0 0.0 0.0 0.0 
2.17965159416 10.3009843019 1567.34029611 8.07791598837 0.0 1.0 0.0 0.0 0.0 0.0 
2.31222610917 10.9158277354 1780.12080185 9.88039344423 0.0 1.0 0.0 0.0 0.0 0.0 
1.99898837911 9.30385742976 1153.60169594 6.04937038525 0.0 1.0 0.0 0.0 0.0 0.0 
2.09870861608 10.9223839271 1004.63949804 6.16586874245 0.0 1.0 0.0 0.0 0.0 0.0 
2.02123832078 10.1452590193 1070.21097324 4.76051342092 0.0 1.0 0.0 0.0 0.0 0.0 
2.22123391812 10.0338194026 1722.08040462 7.91461605711 0.0 1.0 0.0 0.0 0.0 0.0 
2.32182138614 11.1428549066 1761.90688082 7.45135875239 0.0 1.0 0.0 0.0 0.0 0.0 
1.96164050419 9.91537347303 925.015940042 6.30154388775 0.0 1.0 0.0 0.0 0.0 0.0 
2.11603694243 9.86482564646 1401.42498121 8.32364552102 0.0 1.0 0.0 0.0 0.0 0.0 
2.29987129553 11.2705540141 1688.21040543 9.31608839604 0.0 1.0 0.0 0.0 0.0 0.0 
2.2817130142 11.447860196 1450.55401246 7.13226161834 0.0 1.0 0.0 0.0 0.0 0.0 
2.16041793088 9.75472908757 1600.9847848 9.08201768517 0.0 1.0 0.0 0.0 0.0 0.0 
2.34546920715 11.4200029831 1800.12079881 7.89694730945 0.0 1.0 0.0 0.0 0.0 0.0 
2.18265714464 10.3574222715 1467.1767737 9.49810133241 0.0 1.0 0.0 0.0 0.0 0.0 
2.31012924276 10.9264174822 1936.77110494 9.06249899269 0.0 1.0 0.0 0.0 0.0 0.0 
2.1864667297 10.2411667994 1513.54689068 9.63829908943 0.0 1.0 0.0 0.0 0.0 0.0 
2.1294837619 9.84353276259 1510.79003802 8.1945311402 0.0 1.0 0.0 0.0 0.0 0.0 
2.18615756184 10.915404777 1280.02441217 6.46630770021 0.0 1.0 0.0 0.0 0.0 0.0 
1.94893839173 9.53843902848 965.474452757 5.54534993989 0.0 1.0 0.0 0.0 0.0 0.0 
2.19522838506 10.3248805286 1600.00754242 5.78725187779 0.0 1.0 0.0 0.0 0.0 0.0 
2.34816563623 11.333239683 1831.18411464 8.28233881252 0.0 1.0 0.0 0.0 0.0 0.0 
2.18597174953 9.82840004832 1728.44706403 6.67406912975 0.0 1.0 0.0 0.0 0.0 0.0 
2.15173393229 10.6188785071 1337.09226867 5.91537766864 0.0 1.0 0.0 0.0 0.0 0.0 
2.12085247398 10.3295054907 1228.13528953 7.50659830866 0.0 1.0 0.0 0.0 0.0 0.0 
2.29470072292 10.6905634509 1848.69003798 8.67454700354 0.0 1.0 0.0 0.0 0.0 0.0 
2.22758383637 10.9134540495 1508.33223879 7.47327598068 0.0 1.0 0.0 0.0 0.0 0.0 
1.94524313968 10.2578442515 796.392418316 5.56384237802 0.0 1.0 0.0 0.0 0.0 0.0 
2.21491840149 10.453261593 1529.66055271 8.71899711521 0.0 1.0 0.0 0.0 0.0 0.0 
2.19520083428 11.1621224181 1264.77645377 6.43094279683 0.0 1.0 0.0 0.0 0.0 0.0 
1.81782073532 9.74969733197 637.539626311 3.21117269616 0.0 1.0 0.0 0.0 0.0 0.0 
2.29614202778 10.9929692223 1840.97370428 9.91852073053 0.0 1.0 0.0 0.0 0.0 0.0 
2.03164756332 10.265927692 1029.91058585 6.65483967548 0.0 1.0 0.0 0.0 0.0 0.0 
2.25214934755 10.4141871309 1809.83950147 8.84311342239 0.0 1.0 0.0 0.0 0.0 0.0 
2.13796269354 9.7855570539 1464.51900373 6.49586168112 0.0 1.0 0.0 0.0 0.0 0.0 
2.31427943849 11.1407805408 1784.65233403 8.91193045919 0.0 1.0 0.0 0.0 0.0 0.0 
2.21339269502 9.8737403814 1843.1635041 9.39157363786 0.0 1.0 0.0 0.0 0.0 0.0 
2.15352646077 10.2527588893 1461.9712371 5.63013515694 0.0 1.0 0.0 0.0 0.0 0.0 
2.09956193675 10.8762775867 1091.64898279 6.65761349987 0.0 1.0 0.0 0.0 0.0 0.0 
2.16249974296 10.715879922 1324.74872545 8.26977615308 0.0 1.0 0.0 0.0 0.0 0.0 
2.2479725954 11.3464997083 1344.44878652 7.66038008233 0.0 1.0 0.0 0.0 0.0 0.0 
2.2012652479 10.7238694811 1443.25783215 6.29360659693 0.0 1.0 0.0 0.0 0.0 0.0 
2.24037654178 10.4742580005 1641.37389029 7.20332602774 0.0 1.0 0.0 0.0 0.0 0.0 
2.14006152802 10.0948522954 1403.09904202 5.65774944096 0.0 1.0 0.0 0.0 0.0 0.0 
2.29162988047 10.9944959593 1772.52698684 9.07821309949 0.0 1.0 0.0 0.0 0.0 0.0 
2.24992880942 10.5298217611 1684.64191148 8.08114339138 0.0 1.0 0.0 0.0 0.0 0.0 
2.26680361169 10.612186583 1735.14860051 7.17204379772 0.0 1.0 0.0 0.0 0.0 0.0 
2.36763963184 11.2494091935 1889.74669922 7.94457128097 0.0 1.0 0.0 0.0 0.0 0.0 
2.23084549336 11.2265744789 1413.10419078 8.71708121544 0.0 1.0 0.0 0.0 0.0 0.0 
2.01265946276 11.1110085611 791.367444887 4.68517197915 0.0 1.0 0.0 0.0 0.0 0.0 
2.17764916276 10.5510558401 1414.94227737 6.99521908701 0.0 1.0 0.0 0.0 0.0 0.0 
2.15019715706 10.2673597391 1477.77351373 6.79415086939 0.0 1.0 0.0 0.0 0.0 0.0 
2.15572140074 9.69854835487 1583.08484913 8.48200149688 0.0 1.0 0.0 0.0 0.0 0.0 
1.95699433116 9.32305076721 1037.55610235 5.55589290091 0.0 1.0 0.0 0.0 0.0 0.0 
2.31276079166 10.9665282351 1781.56170617 8.2914833044 0.0 1.0 0.0 0.0 0.0 0.0 
2.23532172201 10.1077079478 1892.29634818 7.69438879858 0.0 1.0 0.0 0.0 0.0 0.0 
2.10807710823 10.3756274729 1175.27724854 4.78753921977 0.0 1.0 0.0 0.0 0.0 0.0 
2.1633103724 10.2329377834 1502.7688138 6.69546409068 0.0 1.0 0.0 0.0 0.0 0.0 
2.22690569802 10.0400765908 1752.87568713 8.47094089694 0.0 1.0 0.0 0.0 0.0 0.0 
2.08561615456 10.0324218978 1274.99754257 5.52213852393 0.0 1.0 0.0 0.0 0.0 0.0 
2.21275772003 10.3137381556 1681.62310974 9.26108920017 0.0 1.0 0.0 0.0 0.0 0.0 
2.07603937811 9.59012297194 1292.64907461 5.10889339347 0.0 1.0 0.0 0.0 0.0 0.0 
2.00150791563 9.33816366823 1110.77532538 5.96662231088 0.0 1.0 0.0 0.0 0.0 0.0 
2.20195003739 10.150710185 1621.42945929 8.18550544054 0.0 1.0 0.0 0.0 0.0 0.0 
1.96241183015 10.2076292394 888.502425142 4.79484829293 0.0 1.0 0.0 0.0 0.0 0.0 
2.25510116537 10.6360204792 1725.64692988 6.77547011124 0.0 1.0 0.0 0.0 0.0 0.0 
2.16284777192 10.5671942339 1285.10565957 5.98924354637 0.0 1.0 0.0 0.0 0.0 0.0 
2.24998394098 11.1955200447 1411.95667492 9.230293723 0.0 1.0 0.0 0.0 0.0 0.0 
2.18839898541 10.0469919449 1656.02029628 8.90685421364 0.0 1.0 0.0 0.0 0.0 0.0 
2.18964749913 9.81042074453 1728.95526993 7.40378770113 0.0 1.0 0.0 0.0 0.0 0.0 
2.11726582626 10.7070192835 1188.46126658 7.87017805795 0.0 1.0 0.0 0.0 0.0 0.0 
2.2016090714 10.4475008472 1570.51050333 9.12716810231 0.0 1.0 0.0 0.0 0.0 0.0 
2.18753560935 10.6367243051 1433.22761101 5.2639440229 0.0 1.0 0.0 0.0 0.0 0.0 
2.17665534301 10.6847778952 1355.31125332 9.674078572 0.0 1.0 0.0 0.0 0.0 0.0 
1.81045864529 9.47367832473 670.096490863 3.25003803692 0.0 1.0 0.0 0.0 0.0 0.0 
2.13955472356 9.92411674168 1489.66611084 6.13897203358 0.0 1.0 0.0 0.0 0.0 0.0 
2.09825427258 10.0569257069 1305.45257304 7.90929776395 0.0 1.0 0.0 0.0 0.0 0.0 
2.07406923989 10.5997993783 1059.00371783 6.58296760434 0.0 1.0 0.0 0.0 0.0 0.0 
2.08201451066 11.0438382895 963.861438505 6.17229719256 0.0 1.0 0.0 0.0 0.0 0.0 
1.7239147377 8.68112694829 600.455493904 3.03778991624 0.0 1.0 0.0 0.0 0.0 0.0 
2.22375132621 10.0439791793 1748.3088858 6.65207849876 0.0 1.0 0.0 0.0 0.0 0.0 
2.21870866483 9.70732648284 1866.88933649 8.78032401277 0.0 1.0 0.0 0.0 0.0 0.0 
2.23649994426 11.3694300197 1300.94199438 7.68945939385 0.0 1.0 0.0 0.0 0.0 0.0 
2.17012204663 9.8351325024 1648.35746011 7.89384464559 0.0 1.0 0.0 0.0 0.0 0.0 
2.20092274883 10.8784070581 1353.76745616 5.91866725907 0.0 1.0 0.0 0.0 0.0 0.0 
1.90437220993 10.8060919015 635.962674487 4.16415738525 0.0 1.0 0.0 0.0 0.0 0.0 
2.1827385042 9.723832931 1716.90423239 7.2494574372 0.0 1.0 0.0 0.0 0.0 0.0 
2.12655467393 9.84399575503 1448.68048354 7.76911276473 0.0 1.0 0.0 0.0 0.0 0.0 
2.26580408506 10.494727341 1791.25137161 9.76081508419 0.0 1.0 0.0 0.0 0.0 0.0 
2.15030959474 11.2794137091 1103.6658753 5.49512759954 0.0 1.0 0.0 0.0 0.0 0.0 
2.25672967593 11.4039291671 1402.51093112 6.90968304694 0.0 1.0 0.0 0.0 0.0 0.0 
2.21188331497 10.2765670699 1606.56673826 8.00225333917 0.0 1.0 0.0 0.0 0.0 0.0 
2.229738792 10.4816853055 1605.45260426 6.17565788733 0.0 1.0 0.0 0.0 0.0 0.0 
2.02560769198 10.2517255428 1046.33181008 5.36315784494 0.0 1.0 0.0 0.0 0.0 0.0 
2.2791866023 10.7601237311 1677.3577394 8.56339991761 0.0 1.0 0.0 0.0 0.0 0.0 
2.30280958091 11.0875456637 1692.18590628 8.09258651921 0.0 1.0 0.0 0.0 0.0 0.0 
2.23868236401 11.3291964149 1332.57780144 6.78695306751 0.0 1.0 0.0 0.0 0.0 0.0 
2.05992195104 10.2041014427 1166.5881951 6.88959184623 0.0 1.0 0.0 0.0 0.0 0.0 
2.18093228087 10.3042880645 1558.3195661 8.62167949985 0.0 1.0 0.0 0.0 0.0 0.0 
2.11352053792 9.90137125101 1367.23862147 8.20744323879 0.0 1.0 0.0 0.0 0.0 0.0 
1.93989767962 10.1023469631 855.97272631 5.98060906332 0.0 1.0 0.0 0.0 0.0 0.0 
2.26329428947 11.0918278669 1545.97260796 7.5981254727 0.0 1.0 0.0 0.0 0.0 0.0 
2.14474366838 10.4627514297 1288.53539336 5.16966772271 0.0 1.0 0.0 0.0 0.0 0.0 
2.02670233486 10.8018901499 899.89322196 5.5953397521 0.0 1.0 0.0 0.0 0.0 0.0 
2.30238808906 11.3980595045 1589.77874955 7.88346560911 0.0 1.0 0.0 0.0 0.0 0.0 
2.0423990197 10.5286374439 995.706386547 6.91379421152 0.0 1.0 0.0 0.0 0.0 0.0 
2.22296749107 10.0505143307 1809.81801307 7.82871832311 0.0 1.0 0.0 0.0 0.0 0.0 
2.24464642963 11.3707993683 1360.74390622 5.95218442927 0.0 1.0 0.0 0.0 0.0 0.0 
2.12096793038 9.79351807011 1482.57519403 7.12439918691 0.0 1.0 0.0 0.0 0.0 0.0 
2.18784145111 10.1765941485 1548.33114182 9.4978223746 0.0 1.0 0.0 0.0 0.0 0.0 
2.28281077006 10.9877865953 1617.50897234 7.86917260474 0.0 1.0 0.0 0.0 0.0 0.0 
2.15436913091 10.7215010613 1270.88053951 7.32584859995 0.0 1.0 0.0 0.0 0.0 0.0 
1.95259524802 10.5491581905 791.44857348 4.95859833053 0.0 1.0 0.0 0.0 0.0 0.0 
2.3482867104 11.4756280904 1728.42153411 7.7074927561 0.0 1.0 0.0 0.0 0.0 0.0 
1.9257141243 9.79951493809 858.534016531 4.26183105357 0.0 1.0 0.0 0.0 0.0 0.0 
2.2319601595 10.2498746827 1759.91178971 9.13765333936 0.0 1.0 0.0 0.0 0.0 0.0 
2.19227393615 10.3303933883 1640.04894662 7.77754563372 0.0 1.0 0.0 0.0 0.0 0.0 
2.2774970056 11.0613037581 1652.01152991 9.37323911007 0.0 1.0 0.0 0.0 0.0 0.0 
2.31328412275 11.3576732813 1571.89457344 8.43694733513 0.0 1.0 0.0 0.0 0.0 0.0 
2.22209360497 9.83012508935 1851.93413895 8.36023537755 0.0 1.0 0.0 0.0 0.0 0.0 
2.10933718974 10.2899117707 1250.63922421 7.41503818449 0.0 1.0 0.0 0.0 0.0 0.0 
2.11009149181 10.2032077277 1224.75325814 6.38073100414 0.0 1.0 0.0 0.0 0.0 0.0 
2.10322456944 9.55376170322 1463.16749067 7.22197383588 0.0 1.0 0.0 0.0 0.0 0.0 
2.00646558102 10.0706477538 1017.37611118 4.40196468443 0.0 1.0 0.0 0.0 0.0 0.0 
2.29948948211 10.7659093956 1935.66213899 8.25324334193 0.0 1.0 0.0 0.0 0.0 0.0 
2.24090644635 10.4075887108 1765.41700831 8.89022449948 0.0 1.0 0.0 0.0 0.0 0.0 
2.02691860904 9.71938805241 1127.62035484 5.95559562799 0.0 1.0 0.0 0.0 0.0 0.0 
2.07381963179 10.3758391455 1095.65184726 7.34205065557 0.0 1.0 0.0 0.0 0.0 0.0 
2.32145013854 11.3505901618 1658.2459024 8.04592241335 0.0 1.0 0.0 0.0 0.0 0.0 
2.03800273988 10.273004033 1037.45063013 7.19207722244 0.0 1.0 0.0 0.0 0.0 0.0 
1.97088312533 9.56895418458 1008.1051359 4.2457042321 0.0 1.0 0.0 0.0 0.0 0.0 
2.08953869362 11.0733567222 947.947937489 5.55390830206 0.0 1.0 0.0 0.0 0.0 0.0 
2.37340366704 11.3257678374 1971.53530905 9.3741530358 0.0 1.0 0.0 0.0 0.0 0.0 
2.11238582264 10.8576694415 1117.67386204 6.6492247617 0.0 1.0 0.0 0.0 0.0 0.0 
1.8495354977 10.2067147843 667.338884543 3.78173771105 0.0 1.0 0.0 0.0 0.0 0.0 
2.12760784952 11.1755864147 1056.93615186 6.91917066634 0.0 1.0 0.0 0.0 0.0 0.0 
2.29222891685 11.0403883669 1761.4749566 8.01436233421 0.0 1.0 0.0 0.0 0.0 0.0 
2.04097993663 10.1320882396 1073.10045129 7.55977027348 0.0 1.0 0.0 0.0 0.0 0.0 
2.13414383387 10.2170585475 1406.51315783 8.08412304666 0.0 1.0 0.0 0.0 0.0 0.0 
2.06343004095 9.92715543067 1195.03067653 7.53982876435 0.0 1.0 0.0 0.0 0.0 0.0 
2.22275340727 10.0376780845 1835.71202446 7.26819649948 0.0 1.0 0.0 0.0 0.0 0.0 
2.20932307015 10.0281393696 1803.28534452 8.72456118315 0.0 1.0 0.0 0.0 0.0 0.0 
2.25179121453 11.2385229615 1430.53667069 7.05810637843 0.0 1.0 0.0 0.0 0.0 0.0 
2.27913961113 10.6544455767 1730.73608329 8.41112210019 0.0 1.0 0.0 0.0 0.0 0.0 
2.24799446017 10.624471469 1641.75777273 6.2970760656 0.0 1.0 0.0 0.0 0.0 0.0 
2.07875570893 10.2157722326 1192.34723557 7.56781199172 0.0 1.0 0.0 0.0 0.0 0.0 
2.13933369534 11.0007764123 1104.12528789 4.83335333906 0.0 1.0 0.0 0.0 0.0 0.0 
2.33360396022 11.1106145467 1852.75707044 8.6097563869 0.0 1.0 0.0 0.0 0.0 0.0 
2.18725639017 9.82718142581 1730.8915267 9.14987469667 0.0 1.0 0.0 0.0 0.0 0.0 
2.2319153278 10.4290394557 1703.90054274 7.51757406123 0.0 1.0 0.0 0.0 0.0 0.0 
1.99213347452 9.8226404091 1005.60668246 4.74422156935 0.0 1.0 0.0 0.0 0.0 0.0 
2.22427408785 10.9396011964 1484.89564579 7.44657081901 0.0 1.0 0.0 0.0 0.0 0.0 
2.20118329895 10.1247109892 1646.4737231 7.34871530464 0.0 1.0 0.0 0.0 0.0 0.0 
2.21924427398 10.8414554196 1552.72721345 8.30117764781 0.0 1.0 0.0 0.0 0.0 0.0 
2.28066016471 11.4062031631 1505.25165335 9.81327924578 0.0 1.0 0.0 0.0 0.0 0.0 
1.87872730873 10.3020017346 649.099746163 3.92929227099 0.0 1.0 0.0 0.0 0.0 0.0 
1.88664676234 9.31342432403 827.365084534 4.38212840436 0.0 1.0 0.0 0.0 0.0 0.0 
2.18987903567 10.4774477682 1476.64676888 7.09263122368 0.0 1.0 0.0 0.0 0.0 0.0 
2.08203338376 10.388325872 1102.3435235 6.64518818566 0.0 1.0 0.0 0.0 0.0 0.0 
2.36237102314 11.2877885447 1958.32977356 9.04168447482 0.0 1.0 0.0 0.0 0.0 0.0 
2.36746106168 11.4152801061 1833.25251942 9.23499496429 0.0 1.0 0.0 0.0 0.0 0.0 
2.2628233136 10.9178173812 1686.2326739 7.21598779437 0.0 1.0 0.0 0.0 0.0 0.0 
1.69927969595 9.21687510198 522.556709678 3.90471891915 0.0 1.0 0.0 0.0 0.0 0.0 
2.05600697538 10.3467089652 1047.55811339 4.32755922529 0.0 1.0 0.0 0.0 0.0 0.0 
1.82973700195 10.1587245402 625.577663541 3.25190688286 0.0 1.0 0.0 0.0 0.0 0.0 
1.79024744314 10.4521145948 504.578028038 2.89870678037 0.0 1.0 0.0 0.0 0.0 0.0 
2.192569852 11.0122266765 1315.64206898 6.34716676059 0.0 1.0 0.0 0.0 0.0 0.0 
2.12957225926 10.3190850537 1270.56115221 6.77043706284 0.0 1.0 0.0 0.0 0.0 0.0 
2.10870922248 9.84016039422 1349.91310219 6.36878566356 0.0 1.0 0.0 0.0 0.0 0.0 
2.39834165246 11.5923561243 1942.57512957 9.58564667534 0.0 1.0 0.0 0.0 0.0 0.0 
2.03273503045 10.0600407276 1040.18236603 4.57340180888 0.0 1.0 0.0 0.0 0.0 0.0 
2.04253629458 10.5373711442 951.469924285 5.53185627614 0.0 1.0 0.0 0.0 0.0 0.0 
2.30415843827 10.7777696828 1846.89602247 7.41326858648 0.0 1.0 0.0 0.0 0.0 0.0 
2.11097799839 10.1521938163 1294.86858346 8.72847130322 0.0 1.0 0.0 0.0 0.0 0.0 
2.10857549774 10.7212220793 1134.62993396 6.75167510341 0.0 1.0 0.0 0.0 0.0 0.0 
2.18542230677 9.71780372416 1774.47030283 7.82942347654 0.0 1.0 0.0 0.0 0.0 0.0 
2.21760187632 10.861667861 1415.21963205 6.20558771967 0.0 1.0 0.0 0.0 0.0 0.0 
2.1701708279 10.1795480997 1575.2405624 8.11333757012 0.0 1.0 0.0 0.0 0.0 0.0 
2.15214396268 10.5051448668 1271.36565289 5.7975167271 0.0 1.0 0.0 0.0 0.0 0.0 
1.9180366224 10.1694186741 747.272868515 4.49942949028 0.0 1.0 0.0 0.0 0.0 0.0 
2.18647427028 10.1263131873 1587.45949735 7.70101520214 0.0 1.0 0.0 0.0 0.0 0.0 
2.0771450791 10.0391351648 1240.75462583 7.33999686222 0.0 1.0 0.0 0.0 0.0 0.0 
2.27663358337 10.7124139694 1830.72113762 9.07177240515 0.0 1.0 0.0 0.0 0.0 0.0 
2.20141589721 10.4999894439 1536.07818287 7.44821304307 0.0 1.0 0.0 0.0 0.0 0.0 
2.08685434816 10.5368379548 1156.18404246 6.8200058241 0.0 1.0 0.0 0.0 0.0 0.0 
1.93999002135 10.1998189592 836.052256365 4.49866300768 0.0 1.0 0.0 0.0 0.0 0.0 
2.20615620801 10.2947281448 1555.98273935 6.43335479867 0.0 1.0 0.0 0.0 0.0 0.0 
2.11039149521 10.095503359 1273.80835472 6.06589233731 0.0 1.0 0.0 0.0 0.0 0.0 
2.13976618058 10.7758569795 1249.49695817 6.89979619749 0.0 1.0 0.0 0.0 0.0 0.0 
2.04686453443 9.32725837014 1264.28499128 5.0716579546 0.0 1.0 0.0 0.0 0.0 0.0 
2.14239913919 10.7927754497 1222.18962866 5.88160406897 0.0 1.0 0.0 0.0 0.0 0.0 
2.25639360189 10.9549616866 1650.68007933 9.19755581672 0.0 1.0 0.0 0.0 0.0 0.0 
2.1384564109 10.447542597 1285.03085805 5.97501249379 0.0 1.0 0.0 0.0 0.0 0.0 
2.20075262261 10.5937258657 1518.55218153 6.37866416654 0.0 1.0 0.0 0.0 0.0 0.0 
1.96752052884 9.80333304212 990.262758043 5.05502895704 0.0 1.0 0.0 0.0 0.0 0.0 
2.34830486958 11.377912913 1823.68184954 9.66724400899 0.0 1.0 0.0 0.0 0.0 0.0 
2.18454897353 11.0110482048 1287.20656455 7.52987585065 0.0 1.0 0.0 0.0 0.0 0.0 
2.1452958979 10.5318069039 1357.53895017 8.55493401654 0.0 1.0 0.0 0.0 0.0 0.0 
2.14108852998 11.1547981973 1071.78885233 4.81309809145 0.0 1.0 0.0 0.0 0.0 0.0 
2.25284749942 10.3389500817 1832.48166378 8.29105834863 0.0 1.0 0.0 0.0 0.0 0.0 
2.27239927164 11.0897397711 1610.73296595 7.0538499954 0.0 1.0 0.0 0.0 0.0 0.0 
2.00848005348 9.6621651805 1118.09946794 6.36290952095 0.0 1.0 0.0 0.0 0.0 0.0 
2.00259637916 9.84112454202 1051.94394752 5.28945434717 0.0 1.0 0.0 0.0 0.0 0.0 
2.07720993351 9.65738815517 1330.45227411 6.53759108287 0.0 1.0 0.0 0.0 0.0 0.0 
2.00140463166 9.36227419045 1140.27096196 6.55095768282 0.0 1.0 0.0 0.0 0.0 0.0 
2.083016463 10.1655930822 1221.02710505 5.93340773377 0.0 1.0 0.0 0.0 0.0 0.0 
2.1589880146 10.142135177 1450.60352477 5.6260757331 0.0 1.0 0.0 0.0 0.0 0.0 
2.05262353693 9.8920394177 1205.03016247 6.0419229093 0.0 1.0 0.0 0.0 0.0 0.0 
2.2147480808 10.3383916316 1673.80328893 9.92350680653 0.0 1.0 0.0 0.0 0.0 0.0 
2.1643315601 10.9641476896 1239.59885573 6.07821293872 0.0 1.0 0.0 0.0 0.0 0.0 
1.97579050643 10.2104960729 940.964264852 5.2413264279 0.0 1.0 0.0 0.0 0.0 0.0 
2.23111211887 10.8857039894 1560.03444968 9.56318205738 0.0 1.0 0.0 0.0 0.0 0.0 
2.27154705126 10.7252764591 1717.50468157 9.44676544699 0.0 1.0 0.0 0.0 0.0 0.0 
2.25345390181 11.3566787561 1397.08668174 9.12691400552 0.0 1.0 0.0 0.0 0.0 0.0 
1.99422212181 9.83540091904 1048.97328527 4.82266270453 0.0 1.0 0.0 0.0 0.0 0.0 
2.24757546131 10.235501153 1789.92219153 6.98099431118 0.0 1.0 0.0 0.0 0.0 0.0 
2.16121613524 10.7180738292 1354.35770306 5.98601783137 0.0 1.0 0.0 0.0 0.0 0.0 
2.06206524655 9.95497664424 1136.22058744 6.17704245542 0.0 1.0 0.0 0.0 0.0 0.0 
1.93310367603 9.16453622737 998.984461168 5.60085009874 0.0 1.0 0.0 0.0 0.0 0.0 
2.22697064193 10.7673628206 1492.15187325 7.2025144621 0.0 1.0 0.0 0.0 0.0 0.0 
2.12452388728 11.1755563126 1052.09512064 4.69597878738 0.0 1.0 0.0 0.0 0.0 0.0 
2.15957191441 11.0118907365 1248.58907952 7.61184822198 0.0 1.0 0.0 0.0 0.0 0.0 
2.30770006067 10.6462447312 1998.46264325 8.84176846453 0.0 1.0 0.0 0.0 0.0 0.0 
2.06131649187 10.0456710258 1208.61144874 5.24805420827 0.0 1.0 0.0 0.0 0.0 0.0 
2.14337936167 9.92645556829 1483.55330916 5.76258916936 0.0 1.0 0.0 0.0 0.0 0.0 
2.0484852255 10.8143097879 944.107491923 6.35425867267 0.0 1.0 0.0 0.0 0.0 0.0 
2.04557897995 9.6738698192 1262.4904971 6.13179091882 0.0 1.0 0.0 0.0 0.0 0.0 
2.21647028247 10.9314886195 1360.46411037 6.16484593279 0.0 1.0 0.0 0.0 0.0 0.0 
2.1820282412 10.1188141952 1598.36013803 5.71390546223 0.0 1.0 0.0 0.0 0.0 0.0 
2.08212695889 10.0506987181 1204.5097093 7.08511905623 0.0 1.0 0.0 0.0 0.0 0.0 
2.0512127007 10.4158107484 1024.88190792 6.39720522238 0.0 1.0 0.0 0.0 0.0 0.0 
2.07091951175 9.95234198564 1207.78190148 4.94880794483 0.0 1.0 0.0 0.0 0.0 0.0 
2.17287286348 10.2741486712 1510.13275245 7.83823015286 0.0 1.0 0.0 0.0 0.0 0.0 
2.22982724169 11.0908653957 1441.80351704 7.74053920457 0.0 1.0 0.0 0.0 0.0 0.0 
2.22486618093 10.3645357445 1726.59340568 6.78611059477 0.0 1.0 0.0 0.0 0.0 0.0 
2.26878467664 9.99691621551 1996.26806932 7.98205591077 0.0 1.0 0.0 0.0 0.0 0.0 
2.21024742901 10.533481875 1535.68632713 6.80245111336 0.0 1.0 0.0 0.0 0.0 0.0 
2.11417289555 11.0414552915 1072.52881447 6.57744707219 0.0 1.0 0.0 0.0 0.0 0.0 
2.20510400458 9.88812870993 1694.9824867 8.11642170826 0.0 1.0 0.0 0.0 0.0 0.0 
2.07823380917 9.61119023888 1294.8454365 6.32289091468 0.0 1.0 0.0 0.0 0.0 0.0 
1.96117529702 9.66756860532 987.8012581 4.30262998506 0.0 1.0 0.0 0.0 0.0 0.0 
2.28816137722 11.1434685172 1614.03112463 7.60638331397 0.0 1.0 0.0 0.0 0.0 0.0 
2.00387848316 10.2760954792 907.308514957 4.5189494692 0.0 1.0 0.0 0.0 0.0 0.0 
2.26180582125 10.6392140781 1661.14888808 7.05276920065 0.0 1.0 0.0 0.0 0.0 0.0 
2.21731610985 10.9217102 1357.47798555 6.61188358272 0.0 1.0 0.0 0.0 0.0 0.0 
2.18803721771 10.8995406452 1406.10768383 8.27656750836 0.0 1.0 0.0 0.0 0.0 0.0 
2.23334884701 11.0937508737 1419.21295407 6.8252397964 0.0 1.0 0.0 0.0 0.0 0.0 
2.40625323314 11.6824107164 1851.36719895 9.46411103191 0.0 1.0 0.0 0.0 0.0 0.0 
2.36023825385 11.1042659456 1951.25609476 9.56889000798 0.0 1.0 0.0 0.0 0.0 0.0 
2.23921270174 10.7433730901 1675.42999933 7.56628146877 0.0 1.0 0.0 0.0 0.0 0.0 
2.02351261715 10.4714331948 959.859187454 6.24799730287 0.0 1.0 0.0 0.0 0.0 0.0 
2.05763837703 10.2154911652 1109.76042204 4.67018247342 0.0 1.0 0.0 0.0 0.0 0.0 
2.16534814907 10.9990577297 1181.46768961 5.47070350724 0.0 1.0 0.0 0.0 0.0 0.0 
2.27899413585 11.1073967492 1537.03927146 8.67396828722 0.0 1.0 0.0 0.0 0.0 0.0 
2.28027859832 10.2064233152 1995.36480152 9.7672651434 0.0 1.0 0.0 0.0 0.0 0.0 
2.26901943317 11.0636454951 1616.14005394 7.43153092974 0.0 1.0 0.0 0.0 0.0 0.0 
2.21324769799 10.4798012667 1548.26338752 8.08520475157 0.0 1.0 0.0 0.0 0.0 0.0 
2.04556682793 10.8593558193 916.030398829 6.15996109991 0.0 1.0 0.0 0.0 0.0 0.0 
2.01708297001 11.0345380358 830.033262035 4.29663124306 0.0 1.0 0.0 0.0 0.0 0.0 
2.29381864747 11.1817047955 1586.29789616 9.54687413242 0.0 1.0 0.0 0.0 0.0 0.0 
2.25026761083 11.2287390761 1475.6819287 8.7889552616 0.0 1.0 0.0 0.0 0.0 0.0 
1.91329199384 10.1494682923 753.671905731 4.62494112501 0.0 1.0 0.0 0.0 0.0 0.0 
2.13449375701 9.98159257877 1399.47637348 8.33186456711 0.0 1.0 0.0 0.0 0.0 0.0 
2.1782959113 9.79238879804 1657.98869428 8.42812192259 0.0 1.0 0.0 0.0 0.0 0.0 
2.2604381873 10.1504454357 1981.35920727 8.75732581914 0.0 1.0 0.0 0.0 0.0 0.0 
2.31760603433 10.9271215365 1819.12150603 8.50305963293 0.0 1.0 0.0 0.0 0.0 0.0 
2.14734404487 9.86421993533 1544.28037457 6.6242415499 0.0 1.0 0.0 0.0 0.0 0.0 
1.8255187778 9.48840655541 684.35491474 3.55406538917 0.0 1.0 0.0 0.0 0.0 0.0 
2.34949846839 11.1470306773 1947.96317479 8.40863692572 0.0 1.0 0.0 0.0 0.0 0.0 
2.15363368865 10.4132371988 1387.68162866 5.82849436089 0.0 1.0 0.0 0.0 0.0 0.0 
1.91995143175 9.06495148974 974.73230355 4.98174787665 0.0 1.0 0.0 0.0 0.0 0.0 
2.08724001581 9.62177617076 1406.15506418 5.52095416026 0.0 1.0 0.0 0.0 0.0 0.0 
2.25297166419 10.5360797585 1773.13918662 6.60604061885 0.0 1.0 0.0 0.0 0.0 0.0 
2.13002447468 9.66732444968 1525.73862115 7.67331570713 0.0 1.0 0.0 0.0 0.0 0.0 
2.22742616472 10.6041234199 1533.7462777 8.72613377038 0.0 1.0 0.0 0.0 0.0 0.0 
2.06761595397 9.35666307511 1398.54796396 6.47518641713 0.0 1.0 0.0 0.0 0.0 0.0 
1.64620832652 8.30688699661 539.195708023 3.47142157433 0.0 1.0 0.0 0.0 0.0 0.0 
2.2493728764 10.5093939723 1668.55303662 8.84659536175 0.0 1.0 0.0 0.0 0.0 0.0 
2.26262544915 10.8595149879 1717.6996598 8.37535747009 0.0 1.0 0.0 0.0 0.0 0.0 
1.8724130763 9.50172945806 802.763322725 4.80351322999 0.0 1.0 0.0 0.0 0.0 0.0 
2.21259729923 10.8989645065 1433.8871905 9.18479709056 0.0 1.0 0.0 0.0 0.0 0.0 
2.2066705959 11.1837541638 1358.31801999 7.07062494071 0.0 1.0 0.0 0.0 0.0 0.0 
2.04509466717 10.5387575292 1025.91850399 4.64628112724 0.0 1.0 0.0 0.0 0.0 0.0 
2.24135890095 10.0830662686 1867.52313651 6.82266153661 0.0 1.0 0.0 0.0 0.0 0.0 
2.02055257415 10.02413256 1077.9402559 5.5950412032 0.0 1.0 0.0 0.0 0.0 0.0 
1.93306637698 9.13861228183 973.362035782 5.72433974262 0.0 1.0 0.0 0.0 0.0 0.0 
2.21507291234 11.2881533865 1287.88466574 6.38923699324 0.0 1.0 0.0 0.0 0.0 0.0 
2.22558275524 10.1377578684 1786.58347984 7.97431888644 0.0 1.0 0.0 0.0 0.0 0.0 
2.26435309752 10.6169437118 1688.57466486 9.7084286285 0.0 1.0 0.0 0.0 0.0 0.0 
2.03426900501 9.42249929132 1224.39352393 6.00560648164 0.0 1.0 0.0 0.0 0.0 0.0 
2.18571491786 10.3917112587 1508.72928963 7.83410655679 0.0 1.0 0.0 0.0 0.0 0.0 
2.21133476273 10.7525907438 1445.3158598 7.89221942966 0.0 1.0 0.0 0.0 0.0 0.0 
1.99560741519 9.82871382788 1003.472397 6.2011008136 0.0 1.0 0.0 0.0 0.0 0.0 
2.21827409057 11.1690779948 1352.03788803 6.33851629319 0.0 1.0 0.0 0.0 0.0 0.0 
2.17101496958 9.6270272667 1661.07227918 8.11434652229 0.0 1.0 0.0 0.0 0.0 0.0 
2.23463973087 10.4518427668 1686.00157248 7.43259344808 0.0 1.0 0.0 0.0 0.0 0.0 
2.30491927382 10.8003953852 1826.91063548 7.13426661 0.0 1.0 0.0 0.0 0.0 0.0 
2.20070612532 10.2457638758 1677.98603635 9.40810646589 0.0 1.0 0.0 0.0 0.0 0.0 
1.9657623297 9.89301849576 961.72489341 5.31960420613 0.0 1.0 0.0 0.0 0.0 0.0 
2.19629964096 10.3811579221 1573.02621259 5.85994213028 0.0 1.0 0.0 0.0 0.0 0.0 
2.04689846661 9.43834481259 1297.97322182 5.7695310626 0.0 1.0 0.0 0.0 0.0 0.0 
2.3424996418 11.0506833669 1916.44671478 7.58042228788 0.0 1.0 0.0 0.0 0.0 0.0 
2.27036691381 11.0927302604 1661.87497689 9.29577790689 0.0 1.0 0.0 0.0 0.0 0.0 
2.15068128913 10.3192231066 1321.33724643 5.78283644437 0.0 1.0 0.0 0.0 0.0 0.0 
1.99774863876 10.2482360639 895.90108605 5.13809529544 0.0 1.0 0.0 0.0 0.0 0.0 
2.25433607881 11.3168426683 1408.8157339 7.01131602549 0.0 1.0 0.0 0.0 0.0 0.0 
2.02522670721 10.4783048715 939.507507994 4.94526251202 0.0 1.0 0.0 0.0 0.0 0.0 
2.04434181654 9.84515454555 1158.87019594 5.65955321145 0.0 1.0 0.0 0.0 0.0 0.0 
2.15191147038 10.4952844164 1371.72860649 7.09041734145 0.0 1.0 0.0 0.0 0.0 0.0 
2.23488215793 9.69682257613 1950.22610946 9.161425026 0.0 1.0 0.0 0.0 0.0 0.0 
2.19163700932 10.9603984209 1311.95403894 9.12377302044 0.0 1.0 0.0 0.0 0.0 0.0 
2.01040967661 10.6734111562 904.36222929 5.95971597859 0.0 1.0 0.0 0.0 0.0 0.0 
2.15816315099 10.013046852 1460.35587939 6.94477031528 0.0 1.0 0.0 0.0 0.0 0.0 
2.1446583901 10.5294342501 1231.27175544 6.01109748898 0.0 1.0 0.0 0.0 0.0 0.0 
2.16969105486 10.5958742817 1382.88179254 6.98500720131 0.0 1.0 0.0 0.0 0.0 0.0 
2.09119356088 10.4079045681 1121.54376472 5.78230609023 0.0 1.0 0.0 0.0 0.0 0.0 
2.09601487201 11.1913309254 986.839667382 6.12946545785 0.0 1.0 0.0 0.0 0.0 0.0 
2.20502103108 9.96068505429 1688.80876224 8.748219406 0.0 1.0 0.0 0.0 0.0 0.0 
2.15404542451 9.75275635801 1571.18773505 7.41248212605 0.0 1.0 0.0 0.0 0.0 0.0 
2.19586968733 10.7214466721 1439.16073528 8.74231100504 0.0 1.0 0.0 0.0 0.0 0.0 
1.92569797867 10.3804219822 759.427746048 3.84697952621 0.0 1.0 0.0 0.0 0.0 0.0 
2.23040321157 10.7128116126 1649.37072749 8.75875725511 0.0 1.0 0.0 0.0 0.0 0.0 
2.02827752778 10.2227732316 1026.39939371 5.20666942213 0.0 1.0 0.0 0.0 0.0 0.0 
2.13171704936 10.9304071687 1164.55877602 8.05369489479 0.0 1.0 0.0 0.0 0.0 0.0 
2.35401280048 11.4026450393 1790.20184145 7.49402333539 0.0 1.0 0.0 0.0 0.0 0.0 
2.13110555178 9.96765566371 1403.5629065 7.72503942539 0.0 1.0 0.0 0.0 0.0 0.0 
2.24229890138 11.151082803 1457.12347863 5.88611205727 0.0 1.0 0.0 0.0 0.0 0.0 
2.01074168461 9.28182074421 1149.74802398 5.872243539 0.0 1.0 0.0 0.0 0.0 0.0 
1.90191939341 9.54244226997 854.182222054 5.82712925727 0.0 1.0 0.0 0.0 0.0 0.0 
1.97424164705 10.454713427 852.65475076 4.08018742009 0.0 1.0 0.0 0.0 0.0 0.0 
1.97632804432 9.51311856916 1066.47805995 6.40734635749 0.0 1.0 0.0 0.0 0.0 0.0 
2.12995688321 10.5660010014 1271.68048583 6.17253905236 0.0 1.0 0.0 0.0 0.0 0.0 
2.1633685241 10.6081086154 1317.97437158 7.6870631395 0.0 1.0 0.0 0.0 0.0 0.0 
2.35489034349 11.0665715326 1956.45247961 7.64812257758 0.0 1.0 0.0 0.0 0.0 0.0 
2.08605422516 10.2364468096 1171.30347825 6.54737713709 0.0 1.0 0.0 0.0 0.0 0.0 
2.3419716767 11.2145414658 1860.26942406 9.79098836114 0.0 1.0 0.0 0.0 0.0 0.0 
2.28948436502 11.3389236524 1533.42537052 7.26556809248 0.0 1.0 0.0 0.0 0.0 0.0 
2.15667911291 10.4415718348 1357.57171167 7.78309818983 0.0 1.0 0.0 0.0 0.0 0.0 
2.18126170647 11.3627582169 1128.21273144 5.60211889597 0.0 1.0 0.0 0.0 0.0 0.0 
1.83514946698 9.81770717139 694.089607819 3.67448726051 0.0 1.0 0.0 0.0 0.0 0.0 
2.12018268238 10.6034281745 1181.19344016 7.44210996004 0.0 1.0 0.0 0.0 0.0 0.0 
2.16117510426 10.525994898 1351.55695562 8.49615831388 0.0 1.0 0.0 0.0 0.0 0.0 
2.14624574614 10.1583459881 1432.91544864 8.31765529179 0.0 1.0 0.0 0.0 0.0 0.0 
2.19357787419 10.4429995679 1498.26710478 9.53424625662 0.0 1.0 0.0 0.0 0.0 0.0 
2.20202547839 10.9875964737 1303.23747448 6.63188779572 0.0 1.0 0.0 0.0 0.0 0.0 
1.74461100802 8.91192643222 622.355128302 4.17431221706 0.0 1.0 0.0 0.0 0.0 0.0 
2.23500456642 10.5602553215 1676.7375126 6.14712760552 0.0 1.0 0.0 0.0 0.0 0.0 
2.13376234087 11.0702794445 1082.38925753 5.89390671266 0.0 1.0 0.0 0.0 0.0 0.0 
2.0012341779 10.3085561089 957.0889536 4.86313430611 0.0 1.0 0.0 0.0 0.0 0.0 
1.94092411684 9.89735597822 840.463565361 3.87063406574 0.0 1.0 0.0 0.0 0.0 0.0 
1.96513411284 10.814186852 757.276120057 3.92177031918 0.0 1.0 0.0 0.0 0.0 0.0 
2.24164711448 11.2679929273 1433.93298795 8.84022989071 0.0 1.0 0.0 0.0 0.0 0.0 
2.20724789863 10.1571370948 1718.94720441 7.21703690135 0.0 1.0 0.0 0.0 0.0 0.0 
2.31385366571 11.2332593786 1699.59791906 8.77112707963 0.0 1.0 0.0 0.0 0.0 0.0 
1.94001267715 9.29574151044 1002.26072599 4.57964466202 0.0 1.0 0.0 0.0 0.0 0.0 
2.18302941011 10.4596272649 1472.26440574 9.24941639737 0.0 1.0 0.0 0.0 0.0 0.0 
2.27647435467 11.2319426507 1543.10565912 6.70265443308 0.0 1.0 0.0 0.0 0.0 0.0 
2.18970827121 11.1145143807 1275.35891376 7.56062925791 0.0 1.0 0.0 0.0 0.0 0.0 
2.20301666724 10.179961281 1575.80567017 8.28588445018 0.0 1.0 0.0 0.0 0.0 0.0 
1.95838243345 10.2788425299 842.114031704 5.71010757832 0.0 1.0 0.0 0.0 0.0 0.0 
1.88219663601 9.8162311974 755.30935371 4.82351247426 0.0 1.0 0.0 0.0 0.0 0.0 
2.20353351233 10.2401168714 1623.82034332 5.82603954901 0.0 1.0 0.0 0.0 0.0 0.0 
1.96509010867 9.59558754499 1020.14788044 4.4624644666 0.0 1.0 0.0 0.0 0.0 0.0 
2.12750485743 10.4956810043 1235.45660496 7.06840788029 0.0 1.0 0.0 0.0 0.0 0.0 
2.32411405705 11.2600740016 1743.62043232 9.85103730413 0.0 1.0 0.0 0.0 0.0 0.0 
2.19310499725 10.3316326064 1497.80413411 6.77578492846 0.0 1.0 0.0 0.0 0.0 0.0 
2.14377097545 10.4122562444 1390.26782079 7.29894401068 0.0 1.0 0.0 0.0 0.0 0.0 
2.32990163349 11.4901036152 1666.95163316 8.11154601111 0.0 1.0 0.0 0.0 0.0 0.0 
1.72674738734 9.2028491652 557.010428949 2.91455789221 0.0 1.0 0.0 0.0 0.0 0.0 
2.18612227147 10.5160257161 1419.93462708 7.02275649593 0.0 1.0 0.0 0.0 0.0 0.0 
2.22829888976 10.8086910166 1557.4607391 7.13004413711 0.0 1.0 0.0 0.0 0.0 0.0 
2.05135708363 10.8858292827 917.612479895 4.60749654929 0.0 1.0 0.0 0.0 0.0 0.0 
2.15491328525 10.6498850898 1354.41810085 8.29957777564 0.0 1.0 0.0 0.0 0.0 0.0 
2.16503495512 10.8031600362 1343.05034355 8.3512008799 0.0 1.0 0.0 0.0 0.0 0.0 
2.14603095005 9.66701584639 1606.94607585 7.42378028275 0.0 1.0 0.0 0.0 0.0 0.0 
2.15743163053 10.4003006243 1332.46843677 7.3416501475 0.0 1.0 0.0 0.0 0.0 0.0 
2.10859552656 10.8237991771 1143.14225158 7.02461548331 0.0 1.0 0.0 0.0 0.0 0.0 
2.14776437565 10.4224712613 1275.00010682 6.66539800536 0.0 1.0 0.0 0.0 0.0 0.0 
2.04321965186 9.73734630939 1149.68808709 5.94651882747 0.0 1.0 0.0 0.0 0.0 0.0 
1.98264421444 10.3962638503 886.424650775 5.86015484267 0.0 1.0 0.0 0.0 0.0 0.0 
2.05308612223 9.21815691465 1343.99044402 5.84315434415 0.0 1.0 0.0 0.0 0.0 0.0 
2.04935119737 9.53252015517 1252.12703764 6.14021452687 0.0 1.0 0.0 0.0 0.0 0.0 
2.28414169623 11.34075755 1471.45099395 8.78656805972 0.0 1.0 0.0 0.0 0.0 0.0 
2.22700002249 10.8918103281 1552.5474146 7.78792296715 0.0 1.0 0.0 0.0 0.0 0.0 
1.97283416365 9.18425705834 1110.02815666 5.54342512674 0.0 1.0 0.0 0.0 0.0 0.0 
2.29183989092 10.8922329576 1795.69758891 9.36151041518 0.0 1.0 0.0 0.0 0.0 0.0 
2.07311914791 9.7357708934 1243.40853185 5.70444433799 0.0 1.0 0.0 0.0 0.0 0.0 
2.2430695494 10.9473825007 1540.56413364 9.79420437983 0.0 1.0 0.0 0.0 0.0 0.0 
2.06221599482 10.0215909416 1187.16093349 5.30112620729 0.0 1.0 0.0 0.0 0.0 0.0 
2.33339970325 11.0101479982 1952.07019474 8.49994924715 0.0 1.0 0.0 0.0 0.0 0.0 
1.92731603371 9.45802766555 945.727490359 3.92482861844 0.0 1.0 0.0 0.0 0.0 0.0 
2.24257540847 10.5681835586 1716.58669613 9.60195413115 0.0 1.0 0.0 0.0 0.0 0.0 
2.2105706952 10.6393175938 1574.60259919 6.45856708029 0.0 1.0 0.0 0.0 0.0 0.0 
2.17280334082 10.8654397004 1239.52535272 7.15752708905 0.0 1.0 0.0 0.0 0.0 0.0 
2.0470466979 9.63201724665 1198.27387277 5.92933559559 0.0 1.0 0.0 0.0 0.0 0.0 
2.08299379993 9.88496269422 1334.1905286 6.15148727142 0.0 1.0 0.0 0.0 0.0 0.0 
1.93964033639 9.43245895463 937.039949847 4.53044049528 0.0 1.0 0.0 0.0 0.0 0.0 
2.08502283147 10.6686440103 1105.97189836 5.65246173955 0.0 1.0 0.0 0.0 0.0 0.0 
2.00130232888 9.52579954745 1123.20806535 5.49400858791 0.0 1.0 0.0 0.0 0.0 0.0 
2.18458775537 10.35730194 1491.40363872 9.84752186707 0.0 1.0 0.0 0.0 0.0 0.0 
2.31733615238 11.062704648 1716.27170723 9.2863019351 0.0 1.0 0.0 0.0 0.0 0.0 
2.12353713769 10.060073825 1415.98929126 7.3866495144 0.0 1.0 0.0 0.0 0.0 0.0 
2.15939798011 10.7008128972 1252.98944868 5.69584045906 0.0 1.0 0.0 0.0 0.0 0.0 
2.12509103682 10.2102148185 1361.01858509 8.5024512336 0.0 1.0 0.0 0.0 0.0 0.0 
1.86478402053 9.11610684982 849.400442679 3.91086593392 0.0 1.0 0.0 0.0 0.0 0.0 
2.26592734424 10.5728872576 1784.66829175 7.24188590594 0.0 1.0 0.0 0.0 0.0 0.0 
2.1886814323 10.1848509308 1585.71749286 6.77971753052 0.0 1.0 0.0 0.0 0.0 0.0 
2.00516145075 10.2713163677 938.934233606 5.12128655808 0.0 1.0 0.0 0.0 0.0 0.0 
1.73697300011 8.89158112692 614.166407459 3.20344341284 0.0 1.0 0.0 0.0 0.0 0.0 
1.96655538534 9.38712997758 1059.04097297 6.03791793084 0.0 1.0 0.0 0.0 0.0 0.0 
2.05802250152 9.52573954088 1256.17403816 7.0202396924 0.0 1.0 0.0 0.0 0.0 0.0 
2.15292378869 9.67011063527 1548.47535965 7.09903024104 0.0 1.0 0.0 0.0 0.0 0.0 
2.27862426732 10.4169887359 1892.58162635 8.51374387042 0.0 1.0 0.0 0.0 0.0 0.0 
2.28863360009 11.4907252995 1462.79732863 7.16533764454 0.0 1.0 0.0 0.0 0.0 0.0 
2.13820107794 10.0154204611 1491.50090373 6.38831030758 0.0 1.0 0.0 0.0 0.0 0.0 
2.08022788747 9.44334601625 1360.63597358 6.72895051778 0.0 1.0 0.0 0.0 0.0 0.0 
2.04527462517 9.78761553969 1136.30466271 5.52599332841 0.0 1.0 0.0 0.0 0.0 0.0 
1.97542807213 9.65788000094 1026.69867765 5.26221982526 0.0 1.0 0.0 0.0 0.0 0.0 
2.04615563666 10.9750387589 892.906575208 4.41875975744 0.0 1.0 0.0 0.0 0.0 0.0 
2.25787438814 10.5937378997 1705.1078982 9.38602101987 0.0 1.0 0.0 0.0 0.0 0.0 
2.11511795516 10.83766712 1161.85976703 5.64057750357 0.0 1.0 0.0 0.0 0.0 0.0 
2.27603670463 11.0949166865 1633.0424978 7.19588576545 0.0 1.0 0.0 0.0 0.0 0.0 
2.21202190607 10.8414599337 1479.80160831 9.49975977546 0.0 1.0 0.0 0.0 0.0 0.0 
2.26000574819 10.8721488697 1663.46735571 7.81566609639 0.0 1.0 0.0 0.0 0.0 0.0 
2.23406079729 10.9483886581 1449.69423975 8.09699637904 0.0 1.0 0.0 0.0 0.0 0.0 
1.92169561207 9.75609524877 887.217735452 5.35348413391 0.0 1.0 0.0 0.0 0.0 0.0 
2.33282185116 11.0217655485 1881.14486141 8.70547321886 0.0 1.0 0.0 0.0 0.0 0.0 
2.16924427399 10.9984787361 1222.01326914 7.02351123048 0.0 1.0 0.0 0.0 0.0 0.0 
2.19528930874 11.0740073568 1340.21089496 6.7701625791 0.0 1.0 0.0 0.0 0.0 0.0 
2.2592126089 10.795057906 1581.92867158 9.54558125368 0.0 1.0 0.0 0.0 0.0 0.0 
2.32787895486 11.4505250772 1680.88565643 7.60320976575 0.0 1.0 0.0 0.0 0.0 0.0 
2.22579770014 10.0703375282 1819.71036886 7.05012765923 0.0 1.0 0.0 0.0 0.0 0.0 
2.30970992996 11.4005208897 1623.57955757 8.1611784596 0.0 1.0 0.0 0.0 0.0 0.0 
1.93754890644 9.7830699647 910.19617589 3.93503327911 0.0 1.0 0.0 0.0 0.0 0.0 
2.23798799513 9.907512319 1902.9364372 6.8512254453 0.0 1.0 0.0 0.0 0.0 0.0 
2.15149716233 11.1050772377 1139.34630057 5.78249151657 0.0 1.0 0.0 0.0 0.0 0.0 
2.22700130917 10.7631052742 1513.39445099 5.79662608251 0.0 1.0 0.0 0.0 0.0 0.0 
2.27110335991 11.1536895681 1608.81827389 6.99835227564 0.0 1.0 0.0 0.0 0.0 0.0 
2.20408978866 10.0338512734 1680.79703694 6.67884705968 0.0 1.0 0.0 0.0 0.0 0.0 
2.29710338733 10.2854306993 1996.30775271 9.20884408241 0.0 1.0 0.0 0.0 0.0 0.0 
2.09909444406 10.9853642669 1077.277466 5.83130326619 0.0 1.0 0.0 0.0 0.0 0.0 
2.22856666607 10.4226988492 1766.61980418 8.45050686956 0.0 1.0 0.0 0.0 0.0 0.0 
2.1188140519 9.76632134949 1422.87928832 8.2361268579 0.0 1.0 0.0 0.0 0.0 0.0 
2.16960472909 10.9467476849 1279.16033425 7.16666651428 0.0 1.0 0.0 0.0 0.0 0.0 
2.10162487819 9.51021731532 1405.42198563 6.96902632135 0.0 1.0 0.0 0.0 0.0 0.0 
2.25945774837 10.1917260536 1858.15078452 8.61987566339 0.0 1.0 0.0 0.0 0.0 0.0 
2.19567905463 9.77057904607 1755.20257675 7.08817719458 0.0 1.0 0.0 0.0 0.0 0.0 
2.06921616849 9.90657895601 1203.40065366 6.5360794636 0.0 1.0 0.0 0.0 0.0 0.0 
2.0771517273 10.308309423 1174.40986765 5.8443728018 0.0 1.0 0.0 0.0 0.0 0.0 
2.17952376859 10.6697739656 1413.00215103 9.67091192143 0.0 1.0 0.0 0.0 0.0 0.0 
2.31967074153 10.8558596668 1932.50365878 7.02696044724 0.0 1.0 0.0 0.0 0.0 0.0 
2.13620012863 9.51530568156 1601.95261388 7.1723488245 0.0 1.0 0.0 0.0 0.0 0.0 
1.92615736254 10.324873422 788.676392915 4.07859569734 0.0 1.0 0.0 0.0 0.0 0.0 
2.35549017026 11.3961253357 1759.48650515 8.47219173263 0.0 1.0 0.0 0.0 0.0 0.0 
2.20454180199 10.4188113422 1531.16807202 6.99527199037 0.0 1.0 0.0 0.0 0.0 0.0 
2.24178215905 11.1207243331 1406.82956141 6.07901358668 0.0 1.0 0.0 0.0 0.0 0.0 
1.76165024149 9.38841589792 607.853750557 3.2863065268 0.0 1.0 0.0 0.0 0.0 0.0 
2.16331340504 10.2122089872 1515.00356253 8.55110489182 0.0 1.0 0.0 0.0 0.0 0.0 
2.14420617396 9.9370013247 1536.29841 6.00733892014 0.0 1.0 0.0 0.0 0.0 0.0 
1.66377394505 8.55412839361 523.143813285 3.53171163496 0.0 1.0 0.0 0.0 0.0 0.0 
1.83395374597 9.43095254983 729.235401009 4.53460082466 0.0 1.0 0.0 0.0 0.0 0.0 
2.25055889325 11.0177912483 1596.7204888 8.62116483033 0.0 1.0 0.0 0.0 0.0 0.0 
2.24745531647 11.3010346911 1350.11644803 7.18918892404 0.0 1.0 0.0 0.0 0.0 0.0 
2.21080141631 10.3490021358 1644.98204699 6.32780440009 0.0 1.0 0.0 0.0 0.0 0.0 
2.19072052057 10.8585906252 1393.39623016 8.0918188048 0.0 1.0 0.0 0.0 0.0 0.0 
2.0573518604 10.3491583961 1126.81153074 5.81945679707 0.0 1.0 0.0 0.0 0.0 0.0 
2.18944452569 10.8405733398 1331.13069771 8.73506978244 0.0 1.0 0.0 0.0 0.0 0.0 
2.18209025886 10.3210042019 1489.49004178 7.35718743898 0.0 1.0 0.0 0.0 0.0 0.0 
2.17003927807 10.4630862177 1454.63998092 8.34370454254 0.0 1.0 0.0 0.0 0.0 0.0 
2.17456993763 10.5455499847 1439.32081484 9.43980643214 0.0 1.0 0.0 0.0 0.0 0.0 
2.07078672848 9.55458724173 1315.67959531 7.74160032441 0.0 1.0 0.0 0.0 0.0 0.0 
2.34652795372 11.0513254571 1978.70657175 8.30140801766 0.0 1.0 0.0 0.0 0.0 0.0 
2.2619701151 11.2416527517 1460.47734678 9.40723101796 0.0 1.0 0.0 0.0 0.0 0.0 
1.8705611005 9.11555021644 832.890079943 4.30006374611 0.0 1.0 0.0 0.0 0.0 0.0 
2.16223131072 9.7071972842 1633.49715822 7.15887214806 0.0 1.0 0.0 0.0 0.0 0.0 
2.26822048873 10.8889154544 1730.56758152 9.57453815804 0.0 1.0 0.0 0.0 0.0 0.0 
1.8414436636 9.08180757063 801.939735719 5.03149417779 0.0 1.0 0.0 0.0 0.0 0.0 
2.05864152762 10.7524876937 1010.70444487 4.77182678072 0.0 1.0 0.0 0.0 0.0 0.0 
2.21256122748 11.4626621475 1238.25879771 7.2302391691 0.0 1.0 0.0 0.0 0.0 0.0 
2.28988578487 11.1105368341 1645.7164099 6.71052254213 0.0 1.0 0.0 0.0 0.0 0.0 
2.27067299988 11.1124437675 1545.48144674 9.7119454797 0.0 1.0 0.0 0.0 0.0 0.0 
1.93985213546 9.20738406558 1029.76422632 4.85796974759 0.0 1.0 0.0 0.0 0.0 0.0 
2.30333267753 10.7717449576 1808.03680116 8.86166463845 0.0 1.0 0.0 0.0 0.0 0.0 
2.23821016003 10.5850127911 1624.95452949 6.29709153838 0.0 1.0 0.0 0.0 0.0 0.0 
2.29352468311 10.8942871452 1679.63848667 7.19223924465 0.0 1.0 0.0 0.0 0.0 0.0 
2.19421049622 10.2849612574 1560.58765219 8.67197918926 0.0 1.0 0.0 0.0 0.0 0.0 
1.91196720617 10.4681258665 733.654371181 5.07255222461 0.0 1.0 0.0 0.0 0.0 0.0 
2.31363101772 10.9328410654 1876.34360983 8.58378993114 0.0 1.0 0.0 0.0 0.0 0.0 
1.95957960349 9.94122456883 885.399650806 5.61293126539 0.0 1.0 0.0 0.0 0.0 0.0 
2.22670736815 11.3776146736 1299.25564295 6.65095885961 0.0 1.0 0.0 0.0 0.0 0.0 
2.29703040974 10.6714502547 1801.4880174 7.57813091379 0.0 1.0 0.0 0.0 0.0 0.0 
1.87749470658 10.4404153938 668.583084613 4.17128965928 0.0 1.0 0.0 0.0 0.0 0.0 
2.06829800998 10.3091277 1090.91638792 4.71344406847 0.0 1.0 0.0 0.0 0.0 0.0 
1.93499570968 10.729600562 725.472602379 5.02467584563 0.0 1.0 0.0 0.0 0.0 0.0 
2.25358909771 10.3209444514 1792.61868174 8.26663761877 0.0 1.0 0.0 0.0 0.0 0.0 
2.05256527538 10.0188496957 1191.06487431 7.29866485461 0.0 1.0 0.0 0.0 0.0 0.0 
2.25217186102 11.5344008033 1313.16983967 6.72359851146 0.0 1.0 0.0 0.0 0.0 0.0 
2.02863671182 9.63777763443 1184.7402402 7.21324244887 0.0 1.0 0.0 0.0 0.0 0.0 
2.13356936322 9.37780827285 1619.17536833 6.92262568164 0.0 1.0 0.0 0.0 0.0 0.0 
2.29412012189 11.3927190435 1483.62716906 8.37684116919 0.0 1.0 0.0 0.0 0.0 0.0 
2.07358770161 10.9746630983 960.698622434 5.93565305434 0.0 1.0 0.0 0.0 0.0 0.0 
2.0263077256 10.8501852742 874.11494688 4.84668998717 0.0 1.0 0.0 0.0 0.0 0.0 
2.02942354831 10.4961884581 920.044749344 4.81387271336 0.0 1.0 0.0 0.0 0.0 0.0 
2.28121436839 10.6632010654 1740.80800512 9.98721301235 0.0 1.0 0.0 0.0 0.0 0.0 
2.31190247478 11.0430912055 1872.98217298 8.13618788184 0.0 1.0 0.0 0.0 0.0 0.0 
2.21421529381 10.898240565 1405.26072964 7.54203498771 0.0 1.0 0.0 0.0 0.0 0.0 
2.14523208532 9.91038113199 1559.12599513 6.97213524647 0.0 1.0 0.0 0.0 0.0 0.0 
2.0753522628 11.1421463668 938.204355147 6.27227277054 0.0 1.0 0.0 0.0 0.0 0.0 
2.2261037588 10.9905874179 1479.72652632 6.2904235836 0.0 1.0 0.0 0.0 0.0 0.0 
2.22599434861 9.73343452635 1931.75716636 7.19309248054 0.0 1.0 0.0 0.0 0.0 0.0 
2.2752308797 11.3206815609 1480.53432272 7.43548779514 0.0 1.0 0.0 0.0 0.0 0.0 
2.28090748728 10.6132417643 1883.87815517 6.94217029313 0.0 1.0 0.0 0.0 0.0 0.0 
2.18168225577 11.0315284304 1240.7456072 7.0021184317 0.0 1.0 0.0 0.0 0.0 0.0 
2.21979215022 10.7975162441 1536.14823442 8.29016246993 0.0 1.0 0.0 0.0 0.0 0.0 
2.27434767588 10.6486322991 1871.12794578 8.61692428973 0.0 1.0 0.0 0.0 0.0 0.0 
2.16973319448 10.9606221033 1253.66283626 7.50506962397 0.0 1.0 0.0 0.0 0.0 0.0 
2.28779416329 10.3172273036 1984.82064388 9.59069948953 0.0 1.0 0.0 0.0 0.0 0.0 
2.00650452799 9.89944206843 1020.39932306 4.46670377608 0.0 1.0 0.0 0.0 0.0 0.0 
1.96854916755 9.65903845884 978.636317516 3.88910899852 0.0 1.0 0.0 0.0 0.0 0.0 
2.26367470348 10.3303210062 1817.95090405 7.61149553758 0.0 1.0 0.0 0.0 0.0 0.0 
2.26869373213 10.2782724507 1965.20019865 7.13264313317 0.0 1.0 0.0 0.0 0.0 0.0 
2.06215029362 9.41719185439 1361.12121514 6.66858131042 0.0 1.0 0.0 0.0 0.0 0.0 
2.09048615209 9.85744287252 1251.00087855 6.0264671839 0.0 1.0 0.0 0.0 0.0 0.0 
2.16597498929 9.76491145081 1588.06672646 8.63152328689 0.0 1.0 0.0 0.0 0.0 0.0 
2.10979434602 9.97006217801 1406.53585139 5.8780231191 0.0 1.0 0.0 0.0 0.0 0.0 
2.11177563076 10.0918124445 1254.30883718 6.75644450694 0.0 1.0 0.0 0.0 0.0 0.0 
2.1349648448 10.4981900496 1349.30301172 7.91628060697 0.0 1.0 0.0 0.0 0.0 0.0 
2.15347192565 10.9719212311 1183.26834745 6.41562111631 0.0 1.0 0.0 0.0 0.0 0.0 
2.20542790301 10.536132024 1584.76947108 9.82181945797 0.0 1.0 0.0 0.0 0.0 0.0 
2.23204001071 11.2140804803 1378.81078181 6.47556941312 0.0 1.0 0.0 0.0 0.0 0.0 
2.15262391378 10.2209964147 1411.16415803 8.34144413519 0.0 1.0 0.0 0.0 0.0 0.0 
2.11778119958 10.8381686698 1167.95390969 5.21429080299 0.0 1.0 0.0 0.0 0.0 0.0 
2.16931945441 9.85088142212 1660.48915572 9.33811586701 0.0 1.0 0.0 0.0 0.0 0.0 
2.0844874118 10.1158399603 1211.66899926 7.96379861758 0.0 1.0 0.0 0.0 0.0 0.0 
2.33399895178 11.2609908178 1856.19581936 8.08735078698 0.0 1.0 0.0 0.0 0.0 0.0 
2.17194210937 9.8650753201 1581.35260018 6.83372701002 0.0 1.0 0.0 0.0 0.0 0.0 
1.98194370953 9.55335697658 1055.47985946 5.40027893685 0.0 1.0 0.0 0.0 0.0 0.0 
2.25183598011 11.3539559162 1384.23481349 6.28538994345 0.0 1.0 0.0 0.0 0.0 0.0 
2.09998169755 10.0404240302 1245.3544944 5.05270740552 0.0 1.0 0.0 0.0 0.0 0.0 
2.20929179943 11.4501531975 1243.59439941 6.83134698523 0.0 1.0 0.0 0.0 0.0 0.0 
2.25163193562 10.6300122165 1761.05008812 8.8353121136 0.0 1.0 0.0 0.0 0.0 0.0 
2.08354985554 10.2069764139 1205.61194455 5.32412418717 0.0 1.0 0.0 0.0 0.0 0.0 
2.20369805946 10.8926566174 1353.69250559 8.8950315719 0.0 1.0 0.0 0.0 0.0 0.0 
2.13974972009 11.3510739085 1058.56523805 6.36163119213 0.0 1.0 0.0 0.0 0.0 0.0 
2.25931862424 11.0466087947 1627.30449741 8.49416786466 0.0 1.0 0.0 0.0 0.0 0.0 
2.14573872462 10.787808754 1283.09949372 5.84009474076 0.0 1.0 0.0 0.0 0.0 0.0 
2.23889280118 10.9828495075 1514.0766757 9.04214162067 0.0 1.0 0.0 0.0 0.0 0.0 
2.15824476934 10.8279208937 1218.63582494 5.70440131404 0.0 1.0 0.0 0.0 0.0 0.0 
2.19106471984 10.6171786051 1389.24272218 6.76278170883 0.0 1.0 0.0 0.0 0.0 0.0 
1.84396134535 9.27231827477 761.211985352 4.9096729819 0.0 1.0 0.0 0.0 0.0 0.0 
2.20655994325 10.2887710564 1625.39843558 7.99078701182 0.0 1.0 0.0 0.0 0.0 0.0 
2.19351977545 9.50044047864 1867.81802105 8.17508569885 0.0 1.0 0.0 0.0 0.0 0.0 
2.33092656545 11.1098018495 1794.38236286 9.31775148162 0.0 1.0 0.0 0.0 0.0 0.0 
2.21272640038 9.86749106414 1736.97678871 7.2242343663 0.0 1.0 0.0 0.0 0.0 0.0 
1.91906561045 10.3767241956 725.53040758 4.59013069208 0.0 1.0 0.0 0.0 0.0 0.0 
2.08040574427 9.72452059066 1297.70716336 6.26855977418 0.0 1.0 0.0 0.0 0.0 0.0 
2.30375403505 11.1624543635 1781.01407472 8.24618016341 0.0 1.0 0.0 0.0 0.0 0.0 
2.15696316507 10.7670052979 1289.45441074 5.95062123681 0.0 1.0 0.0 0.0 0.0 0.0 
2.18390685451 9.80569436807 1667.68019318 8.12914698935 0.0 1.0 0.0 0.0 0.0 0.0 
1.91269457245 9.65756831378 879.488364707 4.50476283578 0.0 1.0 0.0 0.0 0.0 0.0 
2.1789182271 10.6678736253 1394.50015763 6.74842615559 0.0 1.0 0.0 0.0 0.0 0.0 
2.1538957117 9.92147594705 1573.39741786 6.91596666829 0.0 1.0 0.0 0.0 0.0 0.0 
2.27108759417 10.8230345064 1739.79716901 7.82010912435 0.0 1.0 0.0 0.0 0.0 0.0 
2.25342969137 11.0505571703 1557.46528394 6.69508521783 0.0 1.0 0.0 0.0 0.0 0.0 
2.20064604253 11.3665695335 1186.5750769 5.75413417092 0.0 1.0 0.0 0.0 0.0 0.0 
2.31727997952 11.4539466104 1569.77664006 9.10434754242 0.0 1.0 0.0 0.0 0.0 0.0 
2.04083660169 9.8485299984 1179.3858519 7.6294630618 0.0 1.0 0.0 0.0 0.0 0.0 
2.11236002124 9.9111558381 1379.90583476 5.74447515518 0.0 1.0 0.0 0.0 0.0 0.0 
1.97292305086 9.60054172898 1024.47099893 5.26834688653 0.0 1.0 0.0 0.0 0.0 0.0 
2.31011925359 10.9661310206 1818.6598498 7.7449591667 0.0 1.0 0.0 0.0 0.0 0.0 
2.24755760948 11.1714522096 1494.88151082 8.31003982953 0.0 1.0 0.0 0.0 0.0 0.0 
2.24384644427 10.6097662133 1622.47956064 7.01569912286 0.0 1.0 0.0 0.0 0.0 0.0 
2.09120459603 10.0392148209 1266.63235045 7.49940406374 0.0 1.0 0.0 0.0 0.0 0.0 
2.1241998749 10.6410241936 1177.24686839 8.06001205272 0.0 1.0 0.0 0.0 0.0 0.0 
2.19511680553 11.1883220645 1288.59263076 6.68589453749 0.0 1.0 0.0 0.0 0.0 0.0 
2.00525898255 10.1096289967 1029.54707572 4.81917291132 0.0 1.0 0.0 0.0 0.0 0.0 
2.23009808086 9.93985785691 1811.36778391 8.33429360496 0.0 1.0 0.0 0.0 0.0 0.0 
2.32116591008 10.8972899819 1877.78292416 9.20364623987 0.0 1.0 0.0 0.0 0.0 0.0 
2.12325670536 10.9555127036 1146.04339387 7.00311370528 0.0 1.0 0.0 0.0 0.0 0.0 
2.3163665428 11.4347953397 1675.62015186 8.69803089467 0.0 1.0 0.0 0.0 0.0 0.0 
2.05867236352 9.87258495234 1216.47433291 4.99337948979 0.0 1.0 0.0 0.0 0.0 0.0 
2.20889074004 10.7550813708 1536.65565833 6.80701305722 0.0 1.0 0.0 0.0 0.0 0.0 
2.21406378051 10.5872454644 1481.25396945 8.24693137599 0.0 1.0 0.0 0.0 0.0 0.0 
2.12966861394 9.52467023717 1541.75055361 5.71101620017 0.0 1.0 0.0 0.0 0.0 0.0 
2.25623046994 10.4672065645 1762.39701721 7.87496878933 0.0 1.0 0.0 0.0 0.0 0.0 
2.17263217145 11.4435465307 1108.71924133 6.7127697276 0.0 1.0 0.0 0.0 0.0 0.0 
2.17456398821 9.62673767339 1679.42686489 8.70626501078 0.0 1.0 0.0 0.0 0.0 0.0 
2.29346441528 10.5761894063 1817.53638863 9.24254579824 0.0 1.0 0.0 0.0 0.0 0.0 
2.2254505374 11.1799854197 1421.56931697 8.6057387579 0.0 1.0 0.0 0.0 0.0 0.0 
2.16549109454 9.6791993867 1607.50401546 7.94058090776 0.0 1.0 0.0 0.0 0.0 0.0 
2.01465223641 9.95896737725 1038.1359906 6.35540091608 0.0 1.0 0.0 0.0 0.0 0.0 
2.17442540608 10.3743257517 1462.59798149 6.3001774648 0.0 1.0 0.0 0.0 0.0 0.0 
2.13898014483 9.38744000593 1615.41586178 7.50055116533 0.0 1.0 0.0 0.0 0.0 0.0 
2.23129502761 11.0602162769 1491.15201745 9.76699858619 0.0 1.0 0.0 0.0 0.0 0.0 
2.24418289345 10.8972242005 1587.91645027 9.65183818381 0.0 1.0 0.0 0.0 0.0 0.0 
2.14488830532 10.8373453007 1217.10492146 7.7519441439 0.0 1.0 0.0 0.0 0.0 0.0 
2.33801208251 11.3832618158 1701.25188192 9.31035657383 0.0 1.0 0.0 0.0 0.0 0.0 
2.24881634966 10.6097232618 1598.03855106 8.72863627996 0.0 1.0 0.0 0.0 0.0 0.0 
1.97643763092 9.88504527443 957.868768436 4.05170713371 0.0 1.0 0.0 0.0 0.0 0.0 
2.1624827941 9.99529688044 1491.89997254 7.23970814225 0.0 1.0 0.0 0.0 0.0 0.0 
1.86665369364 9.93482901346 730.317213255 4.09932985585 0.0 1.0 0.0 0.0 0.0 0.0 
1.97751065986 10.1282139728 947.86886489 4.30194073465 0.0 1.0 0.0 0.0 0.0 0.0 
2.08929007399 9.56730368656 1434.68993188 6.83166172704 0.0 1.0 0.0 0.0 0.0 0.0 
2.35629460848 11.0321366202 1926.62816897 8.04267798695 0.0 1.0 0.0 0.0 0.0 0.0 
2.20251129647 10.1099252614 1637.31066633 6.64577390339 0.0 1.0 0.0 0.0 0.0 0.0 
2.18356494055 10.6136176522 1462.45878622 8.12566230651 0.0 1.0 0.0 0.0 0.0 0.0 
2.08206459051 10.3980932091 1201.02214807 6.27024455241 0.0 1.0 0.0 0.0 0.0 0.0 
2.01033205323 9.89670114257 1086.73099257 5.58815251824 0.0 1.0 0.0 0.0 0.0 0.0 
2.18273451863 9.59710475461 1748.83506408 8.35758609661 0.0 1.0 0.0 0.0 0.0 0.0 
2.14334592264 9.72299362406 1526.45693272 7.32966610524 0.0 1.0 0.0 0.0 0.0 0.0 
2.20760656221 11.2045726083 1260.09868744 6.31252782752 0.0 1.0 0.0 0.0 0.0 0.0 
2.13900336436 9.89231658008 1452.0605975 7.56393804488 0.0 1.0 0.0 0.0 0.0 0.0 
2.11992093287 10.699526685 1127.42401802 6.96075660685 0.0 1.0 0.0 0.0 0.0 0.0 
2.09495034203 10.2186291767 1272.68151289 7.18943561442 0.0 1.0 0.0 0.0 0.0 0.0 
2.07263422388 10.5933483731 1039.95965778 7.16285238304 0.0 1.0 0.0 0.0 0.0 0.0 
2.17474830346 10.0959576461 1530.62662662 5.96339868923 0.0 1.0 0.0 0.0 0.0 0.0 
1.93063529505 9.74346261085 857.559895417 5.84405985351 0.0 1.0 0.0 0.0 0.0 0.0 
2.17695360247 10.9191223666 1329.72318321 6.1749093962 0.0 1.0 0.0 0.0 0.0 0.0 
2.08517666859 10.6248306005 1116.42985026 5.05622942616 0.0 1.0 0.0 0.0 0.0 0.0 
2.17450128547 10.233279667 1511.48174593 8.89454028156 0.0 1.0 0.0 0.0 0.0 0.0 
2.00791286184 9.67851760044 1093.13903121 5.10349718199 0.0 1.0 0.0 0.0 0.0 0.0 
2.25602873448 10.8698270058 1655.95336308 8.18142425361 0.0 1.0 0.0 0.0 0.0 0.0 
2.21671620014 10.5126810759 1531.22960045 9.49559764759 0.0 1.0 0.0 0.0 0.0 0.0 
1.88016010122 10.2332658163 699.596584826 3.72216463361 0.0 1.0 0.0 0.0 0.0 0.0 
2.32703865281 11.3067682798 1681.42287431 7.06968046963 0.0 1.0 0.0 0.0 0.0 0.0 
1.99678612149 9.17275936629 1132.67725646 5.25691740753 0.0 1.0 0.0 0.0 0.0 0.0 
2.26587115324 10.4358826875 1832.96520072 8.9185870543 0.0 1.0 0.0 0.0 0.0 0.0 
2.19350232073 10.6553566938 1372.69418325 7.77142846918 0.0 1.0 0.0 0.0 0.0 0.0 
2.31660739856 11.2203198192 1691.97951022 8.46966149848 0.0 1.0 0.0 0.0 0.0 0.0 
2.19441468236 11.0148746726 1300.21982509 8.27404139869 0.0 1.0 0.0 0.0 0.0 0.0 
2.13142213008 10.3164608886 1325.83131155 7.60266653216 0.0 1.0 0.0 0.0 0.0 0.0 
1.86165934816 9.47529819431 746.413255644 3.86659717172 0.0 1.0 0.0 0.0 0.0 0.0 
2.27276965739 10.9457019215 1726.59310979 8.49706346956 0.0 1.0 0.0 0.0 0.0 0.0 
2.26897293471 11.2131450909 1490.25596248 9.20755412974 0.0 1.0 0.0 0.0 0.0 0.0 
2.06283706299 10.3223958173 1052.49713582 5.66733866808 0.0 1.0 0.0 0.0 0.0 0.0 
2.23146475218 10.0429422406 1761.08457657 8.58145062475 0.0 1.0 0.0 0.0 0.0 0.0 
2.24864250922 11.0550634419 1450.39571809 8.1460510403 0.0 1.0 0.0 0.0 0.0 0.0 
2.16578083817 9.54757830927 1702.42268614 7.01465309281 0.0 1.0 0.0 0.0 0.0 0.0 
2.09786322791 9.90696745707 1323.5329301 7.50882576111 0.0 1.0 0.0 0.0 0.0 0.0 
1.97190017041 9.30317294704 1081.56886289 4.40571754712 0.0 1.0 0.0 0.0 0.0 0.0 
2.03303844142 9.84820418406 1140.49504649 4.78465429144 0.0 1.0 0.0 0.0 0.0 0.0 
2.27594847148 11.1469781291 1571.50397898 7.8980956155 0.0 1.0 0.0 0.0 0.0 0.0 
2.12686411712 10.9071620766 1087.09828281 5.68815014014 0.0 1.0 0.0 0.0 0.0 0.0 
2.27456745407 10.5341430326 1952.04604514 9.81257673483 0.0 1.0 0.0 0.0 0.0 0.0 
2.07508104736 9.84205199631 1210.28041353 6.35376227221 0.0 1.0 0.0 0.0 0.0 0.0 
2.21523608375 10.9443966813 1411.34501488 6.44100451983 0.0 1.0 0.0 0.0 0.0 0.0 
2.17734947795 10.8063532 1331.25831034 8.68130446069 0.0 1.0 0.0 0.0 0.0 0.0 
2.28454920401 10.5227398933 1944.01217924 8.69402442718 0.0 1.0 0.0 0.0 0.0 0.0 
2.0056830176 10.5373707504 886.355715755 4.1661165381 0.0 1.0 0.0 0.0 0.0 0.0 
2.26251021121 10.3426883902 1806.74488454 8.93487066167 0.0 1.0 0.0 0.0 0.0 0.0 
2.03786029448 10.4687120632 1048.68540835 5.9867533382 0.0 1.0 0.0 0.0 0.0 0.0 
1.97492227636 10.2084704746 863.544328791 5.48293662117 0.0 1.0 0.0 0.0 0.0 0.0 
2.16092787126 10.1232285912 1558.12589282 8.20744933303 0.0 1.0 0.0 0.0 0.0 0.0 
2.09694230843 10.9881492331 1057.02580322 4.89703413125 0.0 1.0 0.0 0.0 0.0 0.0 
2.27418617531 11.3068572536 1490.31607426 8.53406295628 0.0 1.0 0.0 0.0 0.0 0.0 
1.90090618802 9.32912688391 902.047011368 3.97568482193 0.0 1.0 0.0 0.0 0.0 0.0 
2.30452441412 10.6109127446 1907.04607717 8.84490321052 0.0 1.0 0.0 0.0 0.0 0.0 
2.18740528697 10.5427801103 1479.55914748 7.3933157166 0.0 1.0 0.0 0.0 0.0 0.0 
2.13160351476 10.1341601981 1445.75912285 6.06360908461 0.0 1.0 0.0 0.0 0.0 0.0 
2.20173577514 11.045129047 1339.00912543 7.70989091582 0.0 1.0 0.0 0.0 0.0 0.0 
2.25877347512 10.538856866 1803.97771626 8.91364650435 0.0 1.0 0.0 0.0 0.0 0.0 
2.25347118708 11.128599083 1471.41813924 6.68463179547 0.0 1.0 0.0 0.0 0.0 0.0 
2.35441717684 11.3586140523 1902.71698338 9.80359193271 0.0 1.0 0.0 0.0 0.0 0.0 
2.26935632383 11.0418798166 1572.47184569 7.9826244273 0.0 1.0 0.0 0.0 0.0 0.0 
2.00357667467 10.0005091377 978.735603174 4.02078016391 0.0 1.0 0.0 0.0 0.0 0.0 
2.16576227142 10.7777502085 1312.63364523 6.16973869462 0.0 1.0 0.0 0.0 0.0 0.0 
2.22908652312 10.6309600801 1634.58349216 8.98659769079 0.0 1.0 0.0 0.0 0.0 0.0 
2.23989954388 11.0790228128 1523.78074396 8.91974680651 0.0 1.0 0.0 0.0 0.0 0.0 
1.96326891536 9.4136029111 1050.48465699 5.77410677153 0.0 1.0 0.0 0.0 0.0 0.0 
2.14713077722 10.8374686316 1178.40160646 5.1447560504 0.0 1.0 0.0 0.0 0.0 0.0 
2.21715352232 10.7083810555 1440.73033356 6.73983052963 0.0 1.0 0.0 0.0 0.0 0.0 
2.2182029146 11.2837353225 1319.85379678 6.75856213487 0.0 1.0 0.0 0.0 0.0 0.0 
2.27073579117 11.0961270887 1555.94338727 9.30101549082 0.0 1.0 0.0 0.0 0.0 0.0 
2.27739450135 10.643351719 1862.66149982 8.79708757191 0.0 1.0 0.0 0.0 0.0 0.0 
2.08072566856 10.0137072813 1181.05208922 5.32330422673 0.0 1.0 0.0 0.0 0.0 0.0 
2.02416407407 10.3429397953 972.790847612 5.89467993672 0.0 1.0 0.0 0.0 0.0 0.0 
1.92666634277 10.7689337196 695.861124175 4.31438957504 0.0 1.0 0.0 0.0 0.0 0.0 
1.97821780555 9.65327798807 1017.99608465 4.32459615305 0.0 1.0 0.0 0.0 0.0 0.0 
2.2192643045 9.78622970112 1923.43655344 8.52759036194 0.0 1.0 0.0 0.0 0.0 0.0 
2.15610572212 10.724893276 1242.28242596 6.69649867331 0.0 1.0 0.0 0.0 0.0 0.0 
2.27050244413 11.4755334925 1396.81145827 6.64895845416 0.0 1.0 0.0 0.0 0.0 0.0 
2.10869290245 10.5420002072 1171.86600335 6.72087391864 0.0 1.0 0.0 0.0 0.0 0.0 
2.12080382015 10.9143749478 1142.70629768 5.77212305675 0.0 1.0 0.0 0.0 0.0 0.0 
2.38374090685 11.4406469293 1863.12697034 8.99486439909 0.0 1.0 0.0 0.0 0.0 0.0 
2.19767658366 11.1827694357 1269.30310177 6.5372480013 0.0 1.0 0.0 0.0 0.0 0.0 
2.3054492597 10.7912394791 1776.41308004 9.40897528285 0.0 1.0 0.0 0.0 0.0 0.0 
2.17197799984 10.6249004915 1360.42002462 6.40749059521 0.0 1.0 0.0 0.0 0.0 0.0 
2.25851153857 10.4696320007 1730.56896552 8.76883639066 0.0 1.0 0.0 0.0 0.0 0.0 
2.30736209398 10.6018254281 1892.81802796 7.4449285092 0.0 1.0 0.0 0.0 0.0 0.0 
2.19478796321 10.8006654555 1394.39772358 9.41880011795 0.0 1.0 0.0 0.0 0.0 0.0 
2.3490662877 11.6029290297 1676.68905175 7.86882302851 0.0 1.0 0.0 0.0 0.0 0.0 
2.21261866701 11.0383210957 1424.45441483 7.91354222852 0.0 1.0 0.0 0.0 0.0 0.0 
2.26531921776 10.7995089585 1668.97572434 7.8347707399 0.0 1.0 0.0 0.0 0.0 0.0 
2.26797432877 11.4563408438 1430.52584497 8.61214270903 0.0 1.0 0.0 0.0 0.0 0.0 
2.16930347819 10.3962323095 1397.91082064 9.17186534569 0.0 1.0 0.0 0.0 0.0 0.0 
2.29773908769 10.688215353 1968.69760162 7.9174810378 0.0 1.0 0.0 0.0 0.0 0.0 
2.16913748654 10.9210929631 1305.19516503 8.60512098389 0.0 1.0 0.0 0.0 0.0 0.0 
1.99485203244 10.1552286345 948.788364305 4.88430983779 0.0 1.0 0.0 0.0 0.0 0.0 
2.152953562 10.6904448517 1246.51763857 6.25596639544 0.0 1.0 0.0 0.0 0.0 0.0 
2.12917841504 11.0800579255 1134.77708799 6.39009303048 0.0 1.0 0.0 0.0 0.0 0.0 
2.03588088199 9.61823713424 1183.47956539 6.62916617925 0.0 1.0 0.0 0.0 0.0 0.0 
1.88926922693 10.1758184873 693.705510302 4.10903715969 0.0 1.0 0.0 0.0 0.0 0.0 
2.30942918763 11.3143626347 1589.29639063 9.58525659719 0.0 1.0 0.0 0.0 0.0 0.0 
2.36721801836 11.5068746985 1807.76580992 7.84587730848 0.0 1.0 0.0 0.0 0.0 0.0 
2.15743147738 10.9711495059 1225.73028935 6.25754742546 0.0 1.0 0.0 0.0 0.0 0.0 
2.22342030616 10.2183163701 1800.11658831 7.00609297113 0.0 1.0 0.0 0.0 0.0 0.0 
2.18013838891 10.5514316221 1388.15426606 6.88032706519 0.0 1.0 0.0 0.0 0.0 0.0 
1.88027570928 8.99816828288 885.289324358 5.34447955191 0.0 1.0 0.0 0.0 0.0 0.0 
2.18969309738 10.1766136531 1608.65607736 7.86894871008 0.0 1.0 0.0 0.0 0.0 0.0 
1.81680274252 8.92301113914 735.066962786 3.42925120926 0.0 1.0 0.0 0.0 0.0 0.0 
2.3176533089 11.1123303291 1773.68192582 6.98761800314 0.0 1.0 0.0 0.0 0.0 0.0 
2.27860705724 11.0298093576 1710.22999728 8.16592838335 0.0 1.0 0.0 0.0 0.0 0.0 
2.01726113074 9.92373735096 1028.79888199 4.11707645861 0.0 1.0 0.0 0.0 0.0 0.0 
2.07577326107 10.0815506745 1193.89312532 6.41100774724 0.0 1.0 0.0 0.0 0.0 0.0 
2.30040540896 11.5765148846 1452.36903597 7.13830115571 0.0 1.0 0.0 0.0 0.0 0.0 
2.199227536 9.77508748896 1764.89662938 8.76600122282 0.0 1.0 0.0 0.0 0.0 0.0 
2.16597570597 9.97511653647 1635.69230727 7.9570637239 0.0 1.0 0.0 0.0 0.0 0.0 
2.04625381014 9.77931868872 1204.23798015 5.24423367381 0.0 1.0 0.0 0.0 0.0 0.0 
2.21232543561 10.6642784495 1510.81133363 8.23874386118 0.0 1.0 0.0 0.0 0.0 0.0 
2.16999384727 10.1733503487 1469.11527075 8.77156016588 0.0 1.0 0.0 0.0 0.0 0.0 
