0.00163023859637
0.000815462965951
0.00186968463225
0.000972140765319
0.00182277940076
0.000820026928591
0.000788109916889
0.00101068791111
0.00106401138214
0.000746254852492
0.00124048809123
0.000987369627845
0.000871651043926
0.00108961898218
0.00075073811195
0.000715031769066
0.00124506977404
0.000750095709398
0.000833520942468
0.000930522524234
0.00110942984333
0.00121527915343
0.000866523705855
0.00116775105666
0.00106584891961
0.00129407552648
0.00110029311877
0.000732180180068
0.0010296151483
0.000841706046534
0.000757901836027
0.000817612869096
0.000756463552658
0.000801061896829
0.000758870404121
0.000968535938616
0.00137183652065
0.000981945698216
0.00102436706709
0.000962599669012
0.000961699893398
0.000847130061311
0.000976150757727
0.000761659880931
0.000898592108973
0.00123192044693
0.000772232097115
0.000910538511683
0.000753103741621
0.000794170013455
0.00106483092944
0.00127218585891
0.00148174416837
0.000807068012024
0.00140230048472
0.000777526388697
0.000928399178784
0.00111780705762
0.00116450717823
0.000853604668587
0.001031203822
0.000782997839948
0.000738193299231
0.000814988148349
0.0011303368387
0.000928738902556
0.00108991791611
0.000788933306198
0.000752940637221
0.00174968097213
0.00100755336851
0.000986032292986
0.00109005457575
0.000893155582781
0.000828852888383
0.00102502230379
0.000944264148211
0.000867863670812
0.000795576163179
0.000924998777497
0.000857917248543
0.000755551922173
0.000761673861967
0.0011876183582
0.000935030191415
0.000862607190859
0.00079104321636
0.000764894639987
0.00103163997633
0.000784320568212
0.000842172642439
0.00129167907947
0.00130426259637
0.000961884106346
0.000739018390443
0.000760700799429
0.00125327578491
0.00172584585412
0.000962278424593
0.000952442550347
0.000767060375781
0.000917381401491
0.000842129091506
0.00122011673722
0.00104223387675
0.000874692403022
0.00113085754172
0.000801253766131
0.000839062811792
0.000886669942509
0.00075568466982
0.000988398512521
0.00131895032313
0.00124522608848
0.000777302014849
0.0011344658027
0.000749325838361
0.000747709572281
0.000955927653825
0.000893269328795
0.00114891044952
0.000856119941046
0.00078435039697
0.000854900242177
0.00118441957027
0.00129198081573
0.000772646059787
0.000760473498251
0.000803597310388
0.00104907372047
0.000835749049227
0.000753489685987
0.00082470642896
0.00108896491789
0.000787367496879
0.0010540022002
0.00287704115588
0.000740207440026
0.000913860716398
0.00108467012236
0.000858277666457
0.000935030191415
0.00101056517958
0.000897638041192
0.00130085193399
0.00129467774016
0.000985547634915
0.0018386827802
0.00101165218698
0.00102645761903
0.000789968389739
0.000734799159134
0.000828131066274
0.000981017247493
0.00088567327843
0.00119562615748
0.000968231619652
0.000766682091934
0.000777646190513
0.000808814558197
0.000802006128968
0.00174350823808
0.000738770206786
0.00130224317948
0.00127738581641
0.000818360471358
0.00111669688412
0.000828905440744
0.00127674672204
0.000891234529948
0.00106337670646
0.000752914497329
0.000969079482877
0.000920812058384
0.000972952237226
0.000947726151403
0.00096272699771
0.000804778763878
0.00132373432626
0.000796020942407
0.000815600633567
0.0010141308804
0.000884190414042
0.000815231126966
0.000910019301241
0.000870464670507
0.000808776128704
0.00133348330136
0.000914626247516
0.00115637124773
0.000752106058139
0.000864244455067
0.00115836693173
0.000813222319002
0.000759491975533
0.000930898635672
0.00124817514346
0.000808057077728
0.000891206549881
0.00080762424607
0.00134487736184
0.000983510395858
0.00094435582494
0.000860587157321
0.000927478122278
0.000888158793735
0.00111553678987
0.000734221649466
0.00119303842374
0.000814516044656
0.000969913463322
0.000962557868759
0.000737808565259
0.000768590582973
0.000755767929354
0.00117709778935
0.000755563144256
0.000976664619331
0.000831230722845
0.00122513807094
0.000847640185598
0.00122056145018
0.000854846257045
0.000988085533109
0.00080472776982
0.000878656223083
0.000951513712111
0.00101624689681
0.0012686688174
0.000767377608734
0.000864504872387
0.00146750362135
0.00110608362492
0.000830577039987
0.000825645844646
0.00101986891598
0.000719501910203
0.00080893992561
0.00114615385832
0.000812861126309
0.00128870656489
0.000864987452927
0.000803604743172
0.000835746451848
0.000964078418726
0.0013297668066
0.00103714715885
0.000885525923438
0.000895123651678
0.00125105286122
0.00120797363897
0.000814067187452
0.000751615163635
0.00139342204061
0.000723778354496
0.000972091111092
0.000954198727651
0.00086288319616
0.000830986443405
0.0011710838496
0.000909843469582
0.00108313516766
0.001197169233
0.000870174410395
0.000710460524055
0.000891509887483
0.000811814765867
0.000742263304567
0.000919430571158
0.00256061447061
0.000813740140508
0.000782707307023
0.000791236559122
0.00076974835288
0.0008051527484
0.000943501073177
0.0011122953421
0.000989788349261
0.00113044214463
0.000763467087226
0.00112467266186
0.000869540225873
0.00132530474378
0.000914242495963
0.000854929822102
0.00102187468449
0.000995399740767
0.000982386620811
0.000933208615463
0.000893480564157
0.00112150657089
0.000818876021456
0.00111436488734
0.00106606776653
0.00105211251664
0.00134993289882
0.00109405912523
0.000914976286426
0.000724719514174
0.00105155018963
0.000926159868837
0.00113788028831
0.00102252852675
0.000769309830515
0.000748802605501
0.00119177877553
0.000811926127053
0.00107669466124
0.000908500645678
0.000727063370473
0.00198226491598
0.00143132844518
0.000834603362577
0.00116419673612
0.000842016092817
0.00113056357438
0.00140606189374
0.000873559788251
0.000813824302758
0.000815953755929
0.000789606341375
0.000770659162581
0.000877461911094
0.000845551875609
0.00112910912415
0.000944516922038
0.000953523565124
0.0011859133556
0.000905671589857
0.00129767953764
0.000768027119923
0.000787881709647
0.00101098156884
0.00103815323214
0.00105017541388
0.00119639184433
0.000959073151658
0.000798236089485
0.00106749101984
0.000821707204626
0.00110018440797
0.000965545972327
0.000935733925321
0.000927911381493
0.00114020076945
0.000944107203024
0.000745636694399
0.000997122001565
0.00106025800027
0.0010308858901
0.000804677274423
0.000993636835518
0.000945325345343
0.00106814687224
0.00195765770245
0.000848627735099
0.000789156561569
0.000819581351009
0.000898572981552
0.00255747309635
0.00099618631087
0.00136703923153
0.000781428862418
0.000979667157143
0.000779952911836
0.00164374118389
0.00103551221473
0.000863371233278
0.00130500650363
0.000916404811979
0.000786270247727
0.000888690356349
0.000860311533203
0.000925713513101
0.000980285818601
0.000961827264512
0.000762951184473
0.000769091460637
0.000909508896386
0.000866394213826
0.000995123671688
0.000837464307907
0.000867475091305
0.000996983963308
0.000888486793165
0.000873272999815
0.00108973854351
0.00080088267055
0.000852191977942
0.00108735697066
0.000887547620655
0.000737329923497
0.00120942273557
0.000997728421428
0.00134660291939
0.00114001744651
0.000899171936107
0.0010999781697
0.0009134731177
0.00125223873956
0.000736981577094
0.000716088212184
0.000893507426639
0.00115418849253
0.00125014794637
0.0011020676688
0.000850688887098
0.00081123276985
0.000961215908085
0.00084325482011
0.0012927588478
0.000988405775758
0.00148657536764
0.000793919433732
0.00164464168749
0.000859844275968
0.00100499211814
0.000854140403308
0.000822744369008
0.000803924896499
0.00112368457606
0.00117716290078
0.000794653429049
0.00100977996144
0.00087930224843
0.000775635389687
0.00102469116976
0.00118852366409
0.00121874413903
0.000933083113146
0.00110564525647
0.000807131938955
0.000905583008137
0.000870366400752
0.00114853130444
0.00163184675363
0.0014664277776
0.000784529030313
0.000785695330551
0.00140387562749
0.00127280439344
0.000912903102368
0.00219659289352
0.00113725538079
0.00190721053653
0.00229958698598
0.000736429328943
0.000721308820258
0.000776009152919
0.00148093596883
0.00108519407268
0.00096032134986
0.00109681167387
0.000880561816364
0.000775891989283
0.00110554255872
0.000774553536912
0.000888022691702
0.0007627823678
0.00131563588079
0.000872099378381
0.000756614200142
0.00121676671815
0.000814539297383
0.000771621233126
0.00123239833811
0.000817729306827
0.000741527124993
0.000727266100842
0.00102601829875
0.000755641340454
0.00105700985841
0.000737727500789
0.000798702090466
0.00106082280561
0.00133448066017
0.000756572884733
0.000847790491738
0.00105578301217
0.00113540647274
0.000859044483205
0.000835445978688
0.000984364990659
0.000798982679724
0.000884810664436
0.00074935584094
0.000879413998535
0.000783503971285
0.0012740001862
0.000739204224306
0.00102989776233
0.0010761908924
0.00116130037218
0.000970453501567
0.00106163107902
0.00101609523405
0.000767424609676
0.000793172030333
0.00108748441338
0.000795488950541
0.00109343995846
0.000760551761143
0.00145673081298
0.000877370452306
0.000904623598427
0.00089002923499
0.000786475343994
0.000756470585816
0.000952578680971
0.000765426488997
0.000816642021357
0.000931152796075
0.000830546286828
0.000816128494778
0.000951137934484
0.00140659757326
0.000807936819125
0.000824659052308
0.00102639247154
0.000792002972934
0.00127136000364
0.000874807731462
0.00116505373752
0.000893491715713
0.000744616707415
0.000836653365188
0.000780759162884
0.00137318706173
0.00146112896679
0.000910426979097
0.000873311708209
0.0010097989685
0.000850388570733
0.00091060757247
0.00164333482746
0.000866689687534
0.000854900242177
0.000923865031018
0.00135372934744
0.00108996757382
0.000923448273546
0.00127971979451
0.000875194684921
0.00105861206484
0.00144157947921
0.00112956450128
0.000863476026311
0.0018153870155
0.00128517314865
0.000795364599274
0.00127409964504
0.000946011677276
0.000982647201045
0.000910097927363
0.000908500645678
0.000882823633292
0.00287972720363
0.00101750832743
0.000996955379572
0.00133332733859
0.000971319233041
0.000764183777172
0.00107494839889
0.00115680037187
0.000882189540214
0.00111724445209
0.000741083774791
0.00105136749619
0.00120467709616
0.000848734225142
0.000826192671247
0.000809703571416
0.000882743472571
0.000752398685552
0.00106167831776
0.000909274416853
0.00106373859491
0.00113680622124
0.00103558647751
0.000887002564156
0.000890340627281
0.00118855192712
0.00109826064585
0.000781444080451
0.00106368085018
0.000786770326726
0.00107359965094
0.000855109697012
0.000749821606161
0.00157780517371
0.000942611957088
0.00094882992669
0.000812220374181
0.00074069917418
0.000753891361603
0.000812317833261
0.000892239088439
0.00107422177339
0.000913683114938
0.000901074841213
0.00149160427799
0.000990242912158
0.000965131031243
0.000854197816265
0.00103503733785
0.000820457864438
0.000845945439585
0.000937773224043
0.00110079538494
0.0013584449334
0.000894811361599
0.000723973473428
0.00075974389376
0.00125879433114
0.00074789026195
0.00142307525317
0.000837801589741
0.000769541639116
0.000880055691925
0.00168346792624
0.000775375447364
0.000842506244967
0.000866738901661
0.00106080671762
0.000736367107576
0.00198973681521
0.000926548218798
0.000847608007342
0.00107287897051
0.00146725988654
0.00152140730804
0.00093301575053
0.000963253604244
0.00104046611008
0.00126536610187
0.000990489649332
0.000831347672171
0.000760406536981
0.000902228694484
0.00101802281033
0.00130313638702
0.000945266172186
0.00119950416679
0.000731679057028
0.00128347536086
0.000795798424493
0.000757889635608
0.000979393896526
0.00241391899389
0.000768027119923
0.000817298624886
0.00117943838234
0.000822331242858
0.000821966458171
0.00094682269768
0.000738644239714
0.000785197944434
0.000715071012669
0.000836893012729
0.000948906014936
0.000943834018713
0.000804133501572
0.000925752958322
0.00083746702939
0.00102083848627
0.00121016643715
0.000820669748377
0.0011446789527
0.000881775914649
0.00130606457117
0.00147675574833
0.00119040804916
0.000826769746935
0.000741826959554
0.000828844520831
0.000780830302607
0.00128605951402
0.000854917000859
0.000952447812513
0.00115406817013
0.00112959838686
0.000797353181245
0.000777814534928
0.000849321640846
0.00164068423791
0.00100022956492
0.000842649193973
0.0010363129781
0.0023623224186
0.000943561893324
0.00082161822842
0.00090151241582
0.00122525304587
0.000825190458008
0.00081600746964
0.000850536882775
0.000893411494737
0.0010402832015
0.00125184988244
0.00112701590788
0.000825684821775
0.000883003719232
0.00104681005934
0.000915709945826
0.00083889510926
0.0011132068379
0.00123136332349
0.00074971061605
0.000752656033767
0.00108236189855
0.000949699292655
0.00109285163319
0.000932782009966
0.00141974918024
0.00125236197051
0.000833163013474
0.000868902113394
0.000862453900804
0.000937440705302
0.00152834909653
0.000844468725501
0.00104492384926
0.000922293226037
0.000741095397998
0.000863878443334
0.0012165190638
0.0010584590554
0.000766855676857
0.00077460218908
0.00107785028848
0.00121101017314
0.000972494275235
0.00141400308034
0.00105316869495
0.00080930622766
0.000792312723373
0.00208341231267
0.000891951501633
0.000887169881036
0.00270956746436
0.00146915948731
0.000933421892412
0.000772362895086
0.000880419212647
0.000815120077214
0.000804421261511
0.000866786007932
0.000796895723871
0.000854171328949
0.00102344555445
0.000861916951309
0.00134452706351
0.00103285638371
0.00152786009484
0.000965463015308
0.00119142816901
0.00141025245831
0.00107290351197
0.000775164264421
0.000892491776144
0.00111735608771
0.0012103818376
0.00115893048618
0.000862873577477
0.000909335157495
0.000919205646152
0.00124269974494
0.00121214673669
0.00101928799019
0.00075424298668
0.00102725863133
0.00154521954236
0.00101450422933
0.00127561158439
0.00106367296022
0.000781028051142
0.000768629300167
0.000830903898465
0.00101778868028
0.000882197249179
0.000917169998302
0.00116792392552
0.0011230666059
0.00132474113228
0.00115637124773
0.00077675983562
0.000868677917358
0.000915547605882
0.000796842009937
0.00132884802451
0.000820305579788
0.001146213418
0.000744655216753
0.000864857253345
0.00120940795134
0.000750825113161
0.00156816560048
0.00114135553443
0.00141586043711
0.00106927903883
0.00128915312268
0.000855098192706
0.000765430227108
0.00101877870371
0.00082627612247
0.000732992037674
0.000778920552356
0.000745588419833
0.00116470551594
0.000767073595523
0.000853698753969
0.000900185697503
0.00120400629575
0.000813960653038
0.001157218162
0.000887018486997
0.00101234508584
0.00077336790304
0.000884078652504
0.000763548666307
0.0010860942766
0.000851451140109
0.000904189038345
0.000841040025744
0.000945435152135
0.000758764197839
0.000959081678548
0.000785083304415
0.00075086379271
0.00141503288393
0.000904421916737
0.00135398551272
0.00120016369944
0.00102490677002
0.00131657249593
0.000777880797828
0.00105238124996
0.000748809213176
0.00102530720662
0.00128603357738
0.00075086379271
0.000874618321167
0.000970105489846
0.000828765092777
0.000822873189181
0.00101696964332
0.000831403785158
0.000856315142913
0.00105135063198
0.00107098115915
0.000875349018785
0.000857953200283
0.000761664271248
0.000832551150863
0.000744258362744
0.00104235702394
0.00116025335917
0.00130552715239
0.000788640944697
0.00102628730463
0.000925702876201
0.000807936819125
0.000851317307417
0.00102920558872
0.00098747138597
0.000837143929561
0.00113412243897
0.00123496478519
0.000888518746891
0.000977225633587
0.00084345395218
0.000775836966654
0.00101748831375
0.00112319640582
0.00110652763463
0.000783279870901
0.00112839897201
0.000940405715291
0.00133069753937
0.00082480177054
0.00152784800938
0.0012162585491
0.00086800214329
0.00122580787329
0.000896138786825
0.000840282484249
0.000721499851518
0.000898460304724
0.00115591992853
0.000884380956968
0.000728868290312
0.000842253910773
0.00079368809242
0.000731157630317
0.000851772737843
0.000867189816306
0.00105507989342
0.000746898784563
0.00094265928971
0.00094081364673
0.00100847070903
0.000940221249539
0.00105572880971
0.00161202754818
0.000932399865246
0.00108184091104
0.0012026107557
0.000778239222557
0.000997604710651
0.00082343039149
0.000753425595361
0.00164976145107
0.00101675932008
0.000996489556396
0.000863398073592
0.00108993610284
0.00084910387938
0.00106476319351
0.000785738530833
0.00126976193037
0.0010196568886
0.000868446480809
0.00086312111619
0.00153432427533
0.000763075219422
0.00076402237155
0.000858070526768
0.0013062828142
0.00131345205351
0.00116982652402
0.000833431228657
0.00103810227672
0.0008823149698
0.00102612789672
0.000896395583106
0.00152930324677
0.00128574152084
0.000793804374549
0.000811086190359
0.000780204222225
0.00115433567654
0.000802863181593
0.00147350068426
0.000871291952505
0.00130096833103
0.00073537249297
0.0010102469546
0.000944505226823
0.000977564881986
0.000898705914858
0.000773238341669
0.000757895842996
0.00101690317206
0.00122069222234
0.000878510053845
0.000889839142982
0.00148135059373
0.00124350196817
0.00138484984817
0.00072221064874
0.000787854369468
0.000753986824354
0.000822272383579
0.00127437061716
0.000732133004854
0.00120159902821
0.000737128185387
0.00105524639358
0.0011561330726
0.0010060136905
0.000972931075663
0.000815407398917
0.000915999981826
0.000905825132213
0.000963367446018
0.00129901524415
0.000850666620842
0.00108214401976
0.000714683989153
0.000775698443873
0.000819080036672
0.00153048928135
0.00110157724075
0.00109193389906
0.00072827821
0.00103122212507
0.000752214667205
0.00131082494647
0.000887768356027
0.00202771334301
0.000990829093058
0.000976141943945
0.00126077268024
0.000739929599383
0.000826291450435
0.00119387903893
0.000952674363956
0.00091310361648
0.00085665267399
0.000925919149576
